7311054691 4579715779 [4579715779, 1194547883, 1822462847, 795891709, 817742489, 1275735287, 1087559713, 2830176163, 2842028977, 6916470541, 832799329, 131499463, 1291404649, 827786503, 298722197, 2242352429, 987098191, 1109703071, 1541095007, 1804292719, 2740409599, 2740409599, 2736599821, 1338990727, 2828839271, 585169397, 622370809, 2749454051, 580926557, 406672939, 1175441807, 3304592377, 1151287129]
80599
4579715779 80599
1194547883 56821
1822462847 21023
795891709 86689
817742489 9181
1275735287 89069
1087559713 14323
2830176163 75931
2842028977 37273
6916470541 76249
832799329 90709
131499463 9181
1291404649 14323
827786503 90163
298722197 9181
2242352429 32537
987098191 68917
1109703071 14323
1541095007 77477
1804292719 19891
2740409599 90709
2740409599 30211
2736599821 90709
1338990727 30169
2828839271 44383
585169397 63737
622370809 9181
2749454051 67789
580926557 40559
406672939 14323
1175441807 28393
3304592377 41399
1151287129 79823
2678080631 84094433 [84094433, 87328903, 1654850947, 60513181, 13801001, 13801001, 802363, 32766673, 742978837, 501526241, 1690292693, 15406537, 9743749, 664853537, 1823299781, 3280773151, 98511949, 172154219, 5057788837, 5057788837, 3238753603, 2135512499, 3363881597, 3598798849, 6082219457, 3664976449, 3944903813, 43255313, 201601, 43255313, 8083734007, 2736253799, 2353293703]
47059
84094433 47059
87328903 1787
1654850947 48869
60513181 33863
13801001 1787
13801001 7723
802363 1787
32766673 449
742978837 72977
501526241 10181
1690292693 49261
15406537 34313
9743749 449
664853537 21701
1823299781 30637
3280773151 59513
98511949 55127
172154219 1787
5057788837 96337
5057788837 52501
3238753603 96337
2135512499 33619
3363881597 63521
3598798849 52957
6082219457 67957
3664976449 89501
3944903813 40949
43255313 96337
201601 449
43255313 449
8083734007 96337
2736253799 83911
2353293703 32609
51068777 34744643 [34744643, 4121254133, 6236586977, 275330771, 44667911, 467791123, 2883441103, 3369181729, 18754847, 52578167, 4672653773, 23991421, 35524309, 6918839717, 4100999839, 1767758921, 22664113, 37079599, 6601882097, 7250135887, 37559231, 32451467, 5926392257, 7797999659, 594632879, 556663543, 2633036983, 2164982423, 32867633, 269959, 10919003, 1454649359, 35964427]
541
34744643 541
4121254133 64223
6236586977 64171
275330771 97187
44667911 2833
467791123 15767
2883441103 29669
3369181729 97187
18754847 34667
52578167 541
4672653773 97187
23991421 48079
35524309 499
6918839717 71191
4100999839 97187
1767758921 42197
22664113 41893
37079599 541
6601882097 68539
7250135887 96323
37559231 75269
32451467 499
5926392257 65033
7797999659 91129
594632879 85571
556663543 6949
2633036983 80107
2164982423 32869
32867633 65867
269959 499
10919003 541
1454649359 20183
35964427 72073
1636336253 125282671 [125282671, 267072371, 267072371, 312091541, 8236445117, 9851952049, 2165886997, 546332377, 2485097509, 9389414429, 5929623751, 235750763, 141334619, 29048567, 27995741, 1420901561, 1343847949, 2871531749, 7604407597, 70118057, 11246377, 1093604683, 282703087, 2907253, 71410513, 7434176213, 2748716261, 1192523341, 893388757, 2539887373, 76725661, 4544467, 406609277]
33311
125282671 33311
267072371 3761
267072371 71011
312091541 3761
8236445117 82981
9851952049 99257
2165886997 99257
546332377 21821
2485097509 25037
9389414429 99257
5929623751 94597
235750763 62683
141334619 3761
29048567 37579
27995741 773
1420901561 36217
1343847949 39233
2871531749 34253
7604407597 83833
70118057 90709
11246377 773
1093604683 14549
282703087 75167
2907253 3761
71410513 773
7434176213 92381
2748716261 80473
1192523341 34157
893388757 34913
2539887373 25589
76725661 99257
4544467 773
406609277 5879
537866099 510985571 [510985571, 5809935077, 6115568213, 1698279809, 1264744391, 400560101, 14641841, 164598853, 332314877, 183297581, 388609751, 571151323, 4073274643, 5978010833, 4008053123, 1143291931, 238357813, 345982519, 175264489, 575854067, 1372809979, 841792697, 4897587157, 2988318581, 99676009, 266410411, 266410411, 14641841, 330172699, 163537811, 138374419, 677382089, 707676623]
5437
510985571 5437
5809935077 93983
6115568213 61819
1698279809 98927
1264744391 17167
400560101 73673
14641841 5437
164598853 2693
332314877 61121
183297581 5437
388609751 33713
571151323 11527
4073274643 49549
5978010833 82207
4008053123 72719
1143291931 55117
238357813 20743
345982519 11491
175264489 30109
575854067 5821
1372809979 98927
841792697 13877
4897587157 60661
2988318581 80737
99676009 37013
266410411 2693
266410411 98927
14641841 2693
330172699 5437
163537811 60727
138374419 2693
677382089 51383
707676623 13183
39421 16861709 [16861709, 104042489, 120786091, 3568701359, 1920124897, 10532393, 249001, 8877709, 432623747, 916580681, 3439599329, 8100620063, 7012909, 5881471, 5262576463, 6450400811, 6249279199, 3007293979, 233748899, 485739719, 8327110009, 1371623843, 1187449, 6907207, 5786228507, 4261861421, 32135101, 20101217, 661728841, 1034687449, 1082305621, 1077391283, 4953379]
499
16861709 499
104042489 33791
120786091 3079
3568701359 39229
1920124897 90971
10532393 21107
249001 499
8877709 499
432623747 17791
916580681 24317
3439599329 37693
8100620063 91253
7012909 88771
5881471 79
5262576463 74449
6450400811 70687
6249279199 91253
3007293979 68483
233748899 43913
485739719 5323
8327110009 91253
1371623843 91253
1187449 15031
6907207 79
5786228507 87433
4261861421 66179
32135101 64399
20101217 499
661728841 40283
1034687449 16427
1082305621 62987
1077391283 17183
4953379 62701
5899172281 3686898329 [3686898329, 1805914841, 1591920107, 5095023827, 5575089491, 86321797, 128928043, 2603757677, 2886485219, 6306573289, 1030388783, 23351987, 34549267, 2231362901, 7988688857, 123692719, 30618307, 1169479499, 2753051311, 3737068807, 7424188567, 3152642761, 758303573, 2136587339, 1448623027, 349840681, 349840681, 245956489, 1136907719, 4237433329, 87036517, 113936791, 1679056417]
61343
3686898329 61343
1805914841 60103
1591920107 30047
5095023827 52981
5575089491 96167
86321797 57973
128928043 1489
2603757677 86587
2886485219 30071
6306573289 95989
1030388783 65701
23351987 15683
34549267 1489
2231362901 23203
7988688857 96167
123692719 83071
30618307 1489
1169479499 20563
2753051311 56873
3737068807 48407
7424188567 77201
3152642761 96167
758303573 32783
2136587339 23131
1448623027 92369
349840681 15683
349840681 22307
245956489 15683
1136907719 15683
4237433329 72493
87036517 58453
113936791 1489
1679056417 76519
1378392313 1303466513 [1303466513, 5129342131, 5517843251, 2762198519, 6815527, 11758829, 6686279881, 180063641, 316669, 7335511, 909743533, 39273007, 180063641, 7969668529, 180063641, 117375281, 9136301, 10232161, 1024975771, 592892173, 1228195721, 155043461, 308616391, 10181293, 5536919, 1909743317, 2431867259, 544252171, 24444023, 23814719, 990288511, 7487594329, 5850684601]
22037
1303466513 22037
5129342131 59149
5517843251 86719
2762198519 63629
6815527 43411
11758829 157
6686279881 74897
180063641 89273
316669 2017
7335511 157
909743533 46723
39273007 19471
180063641 2017
7969668529 89273
180063641 89273
117375281 2017
9136301 58193
10232161 157
1024975771 65173
592892173 15727
1228195721 37699
155043461 32579
308616391 4759
10181293 64849
5536919 157
1909743317 35267
2431867259 54151
544252171 44909
24444023 12119
23814719 2017
990288511 11807
7487594329 83873
5850684601 89273
1009064233 296888467 [296888467, 2003184061, 6476767681, 1164660781, 190261861, 22753399, 4214809, 4214809, 17579839, 505927729, 1120981759, 1519946003, 5025443141, 2556350981, 1573355359, 3238947619, 172228223, 16853077, 702271741, 183331507, 93762679, 4176967651, 204585781, 141285847, 4122738157, 3586205017, 2817154927, 105270589, 4592449, 74124227, 3302108063, 9113948089, 7796885357]
14149
296888467 14149
2003184061 20983
6476767681 95467
1164660781 67843
190261861 17167
22753399 11083
4214809 2053
4214809 2053
17579839 2053
505927729 8563
1120981759 59083
1519946003 18973
5025443141 80111
2556350981 62731
1573355359 40751
3238947619 38609
172228223 83891
16853077 2053
702271741 8209
183331507 85549
93762679 2143
4176967651 43753
204585781 95467
141285847 2143
4122738157 65929
3586205017 62533
2817154927 57349
105270589 49123
4592449 2143
74124227 2143
3302108063 34589
9113948089 95467
7796885357 95467
3317795669 8626000967 [8626000967, 5726463913, 3747066227, 2150312093, 13953839, 6377333, 11206123, 29937059, 3433687253, 1642856053, 924554803, 29235793, 10413329, 1479729409, 36627439, 14830909, 1375479683, 976152601, 10525223, 11276669, 1264900723, 3967319467, 8831420651, 4014768973, 1201538201, 174960173, 4114049, 42911153, 42911153, 9130591, 1262450051, 8898937549, 36627439]
95633
8626000967 95633
5726463913 90199
3747066227 63487
2150312093 59021
13953839 36433
6377333 383
11206123 16651
29937059 673
3433687253 44483
1642856053 77191
924554803 21283
29235793 43441
10413329 673
1479729409 15473
36627439 95633
14830909 383
1375479683 38723
976152601 35521
10525223 27481
11276669 383
1264900723 29443
3967319467 42961
8831420651 92347
4014768973 95633
1201538201 41981
174960173 28621
4114049 6113
42911153 673
42911153 63761
9130591 673
1262450051 13567
8898937549 93053
36627439 95633
213238979 2495576339 [2495576339, 5288587093, 4989690253, 4976336639, 5177326229, 1427741743, 124284133, 468057673, 7073088667, 4629412937, 4319021783, 7530201691, 6794372867, 455963933, 35844169, 118500691, 710509321, 2558127911, 2431707349, 1754980013, 2373386357, 181311563, 355468417, 8185363729, 6615476233, 287292409, 162970991, 162970991, 99761239, 99761239, 233221511, 5370386807, 2572961647]
35617
2495576339 35617
5288587093 70067
4989690253 75479
4976336639 66107
5177326229 75277
1427741743 68777
124284133 20759
468057673 5987
7073088667 78179
4629412937 90473
4319021783 51169
7530201691 84407
6794372867 89213
455963933 76159
35844169 5987
118500691 5987
710509321 19793
2558127911 35897
2431707349 71263
1754980013 34123
2373386357 51431
181311563 46147
355468417 3929
8185363729 90473
6615476233 90473
287292409 73121
162970991 3929
162970991 41479
99761239 3929
99761239 25391
233221511 3929
5370386807 59359
2572961647 90473
66694601 11271233 [11271233, 11271233, 420643, 16197217, 1601451713, 5010195037, 8585875159, 8266125709, 48786383, 6645503, 938060737, 7156178053, 204546967, 72696373, 25330091, 25159373, 1576534079, 957331129, 204093691, 5619331, 12914123, 18155321, 41005387, 4442392453, 2787336127, 3100828217, 7954717549, 6248093713, 4298735647, 3814163141, 35331277, 50696507, 7334125573]
769
11271233 769
11271233 14657
420643 769
16197217 547
1601451713 29611
5010195037 54083
8585875159 92639
8266125709 92681
48786383 89189
6645503 547
938060737 12149
7156178053 77213
204546967 92681
72696373 2207
25330091 32939
25159373 769
1576534079 32717
957331129 48187
204093691 19867
5619331 10273
12914123 547
18155321 23609
41005387 769
4442392453 53323
2787336127 83311
3100828217 33457
7954717549 92681
6248093713 85829
4298735647 72797
3814163141 59051
35331277 64591
50696507 547
7334125573 92681
760058203 2198284421 [2198284421, 307241447, 11095561, 33653093, 728315167, 5260550597, 243073063, 94710323, 2622574621, 2242927129, 1992851101, 851573623, 826593659, 1757476057, 102710357, 428809813, 2844496843, 2844496843, 664752059, 615196727, 6863621927, 373812143, 362291921, 3218389771, 1107350087, 845869711, 146662003, 347889319, 347889319, 30576473, 21907987, 248982257, 521509819]
23833
2198284421 23833
307241447 92237
11095561 3331
33653093 3331
728315167 10103
5260550597 72089
243073063 72973
94710323 3331
2622574621 28433
2242927129 92237
1992851101 24317
851573623 81953
826593659 10391
1757476057 79549
102710357 22093
428809813 4649
2844496843 92237
2844496843 30839
664752059 92237
615196727 7207
6863621927 85361
373812143 80407
362291921 4649
3218389771 77929
1107350087 41299
845869711 26813
146662003 31547
347889319 4649
347889319 74831
30576473 4649
21907987 6577
248982257 3331
521509819 74747
1252945621 2213278393 [2213278393, 5046428791, 149942081, 115375121, 2973964789, 3793271059, 4309711447, 5199307723, 8805646397, 193075807, 57116377, 2832920191, 70360621, 48712969, 4989928901, 52955069, 9787747, 74476723, 535386589, 193075807, 111006899, 3374148373, 43119149, 516961, 9520279, 395654321, 1746275521, 2378373377, 2976619277, 5313474227, 7109162773, 4002139523, 80689781]
33331
2213278393 33331
5046428791 66403
149942081 75997
115375121 1973
2973964789 58477
3793271059 50857
4309711447 74587
5199307723 57781
8805646397 89983
193075807 97859
57116377 1973
2832920191 28949
70360621 97859
48712969 719
4989928901 67751
52955069 73651
9787747 719
74476723 13613
535386589 5471
193075807 97859
111006899 1973
3374148373 56263
43119149 59971
516961 719
9520279 719
395654321 13241
1746275521 29881
2378373377 58441
2976619277 40697
5313474227 73141
7109162773 72647
4002139523 97859
80689781 40897
824667247 107164391 [107164391, 184285811, 3128064959, 100809001, 151910201, 102210869, 7974011, 273689279, 163088347, 5650129, 4751623, 186408749, 8804852671, 4153296527, 1039104901, 2230507283, 7845346469, 7845346469, 950725049, 605539591, 802194121, 405065413, 60703633, 4751623, 142974173, 5071703531, 4617898673, 1100871467, 349777501, 1178447923, 471284357, 16541543, 224438717]
53609
107164391 53609
184285811 1999
3128064959 92189
100809001 33931
151910201 2971
102210869 51131
7974011 1999
273689279 3989
163088347 68611
5650129 2377
4751623 2377
186408749 1999
8804852671 93251
4153296527 94421
1039104901 43987
2230507283 23623
7845346469 94421
7845346469 83089
950725049 94421
605539591 10069
802194121 60139
405065413 13339
60703633 30367
4751623 1999
142974173 2377
5071703531 60149
4617898673 84319
1100871467 54767
349777501 20101
1178447923 17401
471284357 67723
16541543 6959
224438717 2377
2115873997 65034539 [65034539, 776161, 27186779, 428415497, 97722437, 588397049, 588397049, 552638929, 7276477991, 652381559, 619692443, 619692443, 95864141, 1262222539, 81651961, 30229753, 3180163153, 1733227381, 291155869, 1256153627, 6392594773, 3669108379, 3704117983, 3391688761, 421867447, 362830081, 959754673, 2024908931, 2681386607, 378216197, 524775109, 42598993, 81651961]
73819
65034539 73819
776161 881
27186779 881
428415497 30859
97722437 13883
588397049 7039
588397049 83591
552638929 7039
7276477991 78511
652381559 92681
619692443 7039
619692443 88037
95864141 7039
1262222539 13619
81651961 92681
30229753 881
3180163153 34313
1733227381 92681
291155869 18701
1256153627 15569
6392594773 80683
3669108379 79231
3704117983 46309
3391688761 79987
421867447 42403
362830081 9949
959754673 36469
2024908931 26317
2681386607 76943
378216197 34849
524775109 10853
42598993 48353
81651961 881
8136612287 1265607907 [1265607907, 448730209, 1076340583, 10410583, 18778663, 6103578203, 138944947, 2128681, 2128681, 2128681, 105160343, 6328576831, 6058494803, 5415129479, 2710429223, 3289062121, 8272033613, 8247538811, 2917559377, 2482219241, 3506224549, 603605521, 821806351, 5532818497, 8342999303, 391268837, 7908191, 24906029, 1185850579, 25125043, 27903269, 27903269, 85849]
85439
1265607907 85439
448730209 14813
1076340583 30293
10410583 35531
18778663 293
6103578203 64091
138944947 95233
2128681 1459
2128681 1459
2128681 1459
105160343 1459
6328576831 72077
6058494803 87803
5415129479 69001
2710429223 78479
3289062121 34537
8272033613 95233
8247538811 86861
2917559377 94951
2482219241 30727
3506224549 80783
603605521 43403
821806351 13907
5532818497 59093
8342999303 93629
391268837 89107
7908191 4391
24906029 1801
1185850579 13829
25125043 85751
27903269 293
27903269 95233
85849 293
194445827 326902171 [326902171, 3015291613, 435023987, 320242627, 267619, 694133, 226098049, 155111653, 2028313223, 4657047641, 6431880473, 3844944071, 2251801843, 1955447303, 3498463799, 745811, 1093367, 8728149967, 314626813, 12837889, 39413, 785609, 7098834343, 9879763609, 365482769, 128948713, 231700883, 623562053, 6594921383, 1354705399, 1448577253, 4540001159, 668371]
3583
326902171 3583
3015291613 91237
435023987 33049
320242627 13163
267619 24329
694133 11
226098049 63103
155111653 3583
2028313223 43291
4657047641 46853
6431880473 99397
3844944071 64709
2251801843 59419
1955447303 37897
3498463799 51599
745811 67801
1093367 11
8728149967 99397
314626813 87811
12837889 3583
39413 3583
785609 11
7098834343 71419
9879763609 99397
365482769 99397
128948713 3677
231700883 35069
623562053 6607
6594921383 94379
1354705399 69877
1448577253 19387
4540001159 74719
668371 60761
130583077 2767646437 [2767646437, 469535711, 75009659, 483902863, 161990597, 25110121, 469535711, 414252121, 192636233, 595599337, 125167033, 681729493, 329139029, 199214681, 1228317799, 874986641, 2209021081, 6348071017, 5888885363, 1689169019, 2002655251, 7092134989, 7260796789, 1935442753, 766968739, 2877276607, 6570407821, 4731554717, 2197928321, 1579106467, 242928269, 22153631, 182149621]
29537
2767646437 29537
469535711 93701
75009659 5011
483902863 14969
161990597 32327
25110121 5011
469535711 5011
414252121 93701
192636233 4421
595599337 43573
125167033 13669
681729493 9157
329139029 74449
199214681 4421
1228317799 45061
874986641 27259
2209021081 32099
6348071017 68819
5888885363 92243
1689169019 63841
2002655251 26459
7092134989 75689
7260796789 93701
1935442753 77489
766968739 24977
2877276607 30707
6570407821 93701
4731554717 70121
2197928321 67477
1579106467 32573
242928269 48479
22153631 5011
182149621 4421
5032224887 5032224887 [5032224887, 437708599, 416644817, 2647288439, 2143946533, 378535, 5065, 1026169, 99483691, 1231613987, 392871907, 267501253, 12355933, 142105529, 8844424213, 6481636289, 421102321, 367600777, 1379743747, 372085223, 17163259, 5065, 359585, 5937970939, 5253655643, 3692199983, 3038815963, 53049797, 5065, 25, 343555, 2507745367, 2282485883]
5032224887
5032224887 5032224887
437708599 1
416644817 437708599
2647288439 0
[5032224887, 5032224887, 437708599, 416644817, 2647288439, 2143946533, 378535, 5065, 1026169, 99483691, 1231613987, 392871907, 267501253, 12355933, 142105529, 8844424213, 6481636289, 421102321, 367600777, 1379743747, 372085223, 17163259, 5065, 359585, 5937970939, 5253655643, 3692199983, 3038815963, 53049797, 5065, 25, 343555, 2507745367, 2282485883]
------------------------------------
545698003 371201123 [371201123, 2528422541, 4176678431, 245499707, 117167251, 1522454587, 2268640873, 1944834443, 1506889247, 21026791, 5765719, 473225659, 68116381, 10258771, 10258771, 12128143, 1141603063, 8550489463, 153857159, 2380849, 153857159, 2819584501, 2621079961, 8606452357, 9258252337, 153857159, 35428823, 197441639, 7833689, 1405673, 17727527, 868763713, 4891890581]
14639
371201123 14639
2528422541 25357
4176678431 99713
245499707 41887
117167251 5861
1522454587 19991
2268640873 76157
1944834443 29789
1506889247 65287
21026791 23081
5765719 911
473225659 6329
68116381 74771
10258771 911
10258771 11261
12128143 911
1141603063 13313
8550489463 85751
153857159 99713
2380849 1543
153857159 1543
2819584501 99713
2621079961 28277
8606452357 92693
9258252337 92849
153857159 99713
35428823 1543
197441639 22961
7833689 8599
1405673 911
17727527 1543
868763713 11489
4891890581 75617
3674791 96230201 [96230201, 5745477109, 2321051657, 1807667959, 903018401, 731910947, 2936978467, 77927467, 21237677, 791787749, 3675894143, 5721097793, 669423893, 1006648309, 7489526491, 4408866947, 2036999507, 3197620277, 3933020657, 4256156911, 4595632891, 291385907, 12132503, 4255969, 69859369, 356001719, 21688319, 191349439, 191349439, 2192969, 63506809, 63506809, 42210667]
1063
96230201 1063
5745477109 90527
2321051657 63467
1807667959 36571
903018401 49429
731910947 18269
2936978467 40063
77927467 73309
21237677 1063
791787749 19979
3675894143 39631
5721097793 92753
669423893 61681
1006648309 10853
7489526491 92753
4408866947 80747
2036999507 54601
3197620277 37307
3933020657 85711
4256156911 45887
4595632891 92753
291385907 49547
12132503 5881
4255969 2063
69859369 2063
356001719 33863
21688319 10513
191349439 2063
191349439 92753
2192969 2063
63506809 1063
63506809 59743
42210667 1063
64083991 36062867 [36062867, 2833911599, 5029892123, 213679381, 228273289, 2503729793, 19672987, 30138761, 68542039, 2778889, 4769287, 4769287, 159393539, 70087261, 31059409, 1255469617, 2732356751, 1103953649, 370753841, 2098502047, 3731581261, 4489385741, 7794410989, 159393539, 78934117, 3796271723, 7665901741, 70087261, 45810301, 4657338937, 7125474457, 5896413539, 5156409539]
733
36062867 733
2833911599 49199
5029892123 57601
213679381 87323
228273289 2447
2503729793 93287
19672987 26839
30138761 733
68542039 41117
2778889 1667
4769287 1667
4769287 2861
159393539 1667
70087261 95617
31059409 733
1255469617 42373
2732356751 29629
1103953649 92219
370753841 11971
2098502047 30971
3731581261 67757
4489385741 55073
7794410989 81517
159393539 95617
78934117 1667
3796271723 47351
7665901741 80173
70087261 95617
45810301 733
4657338937 62497
7125474457 74521
5896413539 95617
5156409539 61667
72109273 191133517 [191133517, 247362421, 5374756979, 3967236107, 1509087313, 2406786467, 4702437511, 202151491, 96831307, 654927253, 31942697, 85166167, 85166167, 28965353, 556561777, 3285306931, 170978459, 4722743, 243255527, 3149719777, 1414990679, 398969083, 61673141, 295706903, 1585915993, 3279948349, 2848284799, 78674923, 7513081, 141745333, 5131636129, 4997671579, 2165760089]
41851
191133517 41851
247362421 4567
5374756979 54163
3967236107 99233
1509087313 39979
2406786467 37747
4702437511 63761
202151491 73751
96831307 2741
654927253 35327
31942697 18539
85166167 1723
85166167 49429
28965353 1723
556561777 16811
3285306931 33107
170978459 99233
4722743 1723
243255527 2741
3149719777 88747
1414990679 35491
398969083 39869
61673141 10007
295706903 6163
1585915993 47981
3279948349 33053
2848284799 99233
78674923 28703
7513081 2741
141745333 2741
5131636129 51713
4997671579 99233
2165760089 50363
1146594907 76616867 [76616867, 5865269, 31177781, 2129379347, 140249143, 137592361, 2118807139, 531174757, 2244404111, 1446261151, 140265973, 680277761, 1540874641, 2004691693, 400586003, 30005783, 717492301, 1233272471, 18057233, 140249143, 400586003, 379490681, 7903846099, 122158951, 63093557, 2931054559, 3822040823, 2973821161, 1856974247, 363278183, 698335961, 578144713, 34336177]
18719
76616867 18719
5865269 4093
31177781 1433
2129379347 21757
140249143 97871
137592361 1433
2118807139 96017
531174757 22067
2244404111 24071
1446261151 93241
140265973 15511
680277761 9043
1540874641 75227
2004691693 20483
400586003 97871
30005783 4093
717492301 7331
1233272471 97871
18057233 12601
140249143 1433
400586003 97871
379490681 4093
7903846099 92717
122158951 85247
63093557 1433
2931054559 44029
3822040823 66571
2973821161 57413
1856974247 51797
363278183 35851
698335961 10133
578144713 68917
34336177 8389
2283121 116744393 [116744393, 1417080683, 69090547, 368521843, 147819619, 147819619, 274019029, 26365813, 532879343, 3206050763, 1422451061, 2457170993, 9570513241, 274019029, 27138889, 27138889, 120350567, 1346285011, 2146341833, 4096154297, 3455848021, 1860298877, 1005809683, 47214217, 140207201, 7055734849, 5309727331, 1937824579, 2605624643, 3204286411, 95589727, 157979201, 1511603201]
1511
116744393 1511
1417080683 77263
69090547 18341
368521843 3767
147819619 97829
147819619 1511
274019029 97829
26365813 2801
532879343 9413
3206050763 56611
1422451061 56633
2457170993 25117
9570513241 97829
274019029 97829
27138889 2801
27138889 9689
120350567 2801
1346285011 42967
2146341833 31333
4096154297 68501
3455848021 59797
1860298877 57793
1005809683 32189
47214217 31247
140207201 1511
7055734849 92791
5309727331 76039
1937824579 69829
2605624643 27751
3204286411 93893
95589727 34127
157979201 2801
1511603201 56401
81232841 7476435721 [7476435721, 4016174389, 3765648743, 7156083997, 482953021, 6433171, 80150311, 5760832201, 2172030373, 1016792339, 2917412137, 587475379, 158007869, 769492331, 212270159, 37466641, 218378917, 3451071887, 9356886361, 1095865499, 842345137, 3757726267, 53116489, 22719467, 428297621, 20823463, 101664281, 4466167001, 481702043, 934452511, 550210081, 235848199, 235003553]
77291
7476435721 77291
4016174389 96731
3765648743 41519
7156083997 90697
482953021 78901
6433171 6121
80150311 1051
5760832201 76261
2172030373 75541
1016792339 28753
2917412137 35363
587475379 82499
158007869 7121
769492331 22189
212270159 34679
37466641 6121
218378917 6121
3451071887 35677
9356886361 96731
1095865499 96731
842345137 11329
3757726267 74353
53116489 50539
22719467 1051
428297621 21617
20823463 19813
101664281 1051
4466167001 96731
481702043 46171
934452511 10433
550210081 89567
235848199 6143
235003553 38393
7558922773 7558922773 [7558922773, 17808173, 4769813, 67763321, 20371973, 587614861, 843316447, 515031109, 8018663, 455197, 180530113, 4400803081, 11096389, 455197, 118552117, 2366986487, 2832473351, 227220451, 66646499, 1253454889, 3269186231, 1661543641, 3211699969, 8206981091, 9897663169, 3988135369, 1853502619, 117580691, 126201461, 1071298049, 1629365173, 13510741, 4066343]
7558922773
7558922773 7558922773
17808173 1
4769813 17808173
67763321 0
[7558922773, 7558922773, 17808173, 4769813, 67763321, 20371973, 587614861, 843316447, 515031109, 8018663, 455197, 180530113, 4400803081, 11096389, 455197, 118552117, 2366986487, 2832473351, 227220451, 66646499, 1253454889, 3269186231, 1661543641, 3211699969, 8206981091, 9897663169, 3988135369, 1853502619, 117580691, 126201461, 1071298049, 1629365173, 13510741, 4066343]
------------------------------------
784882277 378814861 [378814861, 20088997, 11551277, 217820501, 559594489, 559594489, 429581981, 1912783819, 983506163, 565883839, 1253122357, 4352083649, 1017809173, 1219062919, 805328213, 470995433, 24977441, 30089009, 6484279343, 6419107711, 1456570859, 10392323, 45798967, 9869826409, 5217406399, 24210337, 45798967, 2027374229, 1721310043, 4295810221, 1676429893, 349940627, 264594959]
8693
378814861 8693
20088997 43577
11551277 461
217820501 25057
559594489 8693
559594489 64373
429581981 8693
1912783819 49417
983506163 38707
565883839 25409
1253122357 22271
4352083649 56267
1017809173 77347
1219062919 13159
805328213 92641
470995433 8693
24977441 54181
30089009 461
6484279343 65269
6419107711 99347
1456570859 64613
10392323 22543
45798967 461
9869826409 99347
5217406399 99347
24210337 52517
45798967 461
2027374229 99347
1721310043 20407
4295810221 84349
1676429893 50929
349940627 32917
264594959 10631
3411478099 343902133 [343902133, 530214767, 387537769, 184113871, 2036159563, 4745115371, 1499421839, 144790199, 749745349, 5947873549, 3710305751, 341840857, 314490947, 4261086589, 6061734739, 6552943297, 2663848547, 3268513051, 9848461319, 8791906909, 8476891757, 9561070553, 8592944071, 8592944071, 3534229271, 3383250557, 4656437969, 268805041, 30283009, 41432087, 629492161, 1213919071, 109313551]
45677
343902133 45677
530214767 7529
387537769 70423
184113871 5503
2036159563 33457
4745115371 60859
1499421839 77969
144790199 19231
749745349 7529
5947873549 99581
3710305751 59729
341840857 62119
314490947 5503
4261086589 57149
6061734739 74561
6552943297 81299
2663848547 80603
3268513051 33049
9848461319 98899
8791906909 99581
8476891757 88289
9561070553 96013
8592944071 99581
8592944071 86291
3534229271 99581
3383250557 35491
4656437969 95327
268805041 48847
30283009 5503
41432087 5503
629492161 7529
1213919071 83609
109313551 14519
3082147 5997337 [5997337, 2513080837, 1559221, 304939, 18381323, 159328087, 3410019707, 6185033321, 288986461, 301216163, 3129387719, 2554768277, 5293113919, 291023519, 225697937, 2199710897, 1455304733, 2477149, 224297, 27573823, 159331253, 1400623487, 6481154957, 4353575077, 4353575077, 5997337, 5997337, 5222304089, 535366243, 194010671, 1014826529, 306467173, 407206463]
61
5997337 61
2513080837 98317
1559221 25561
304939 61
18381323 4999
159328087 3677
3410019707 43331
6185033321 78697
288986461 78593
301216163 3677
3129387719 81919
2554768277 38201
5293113919 66877
291023519 79147
225697937 3677
2199710897 61381
1455304733 35837
2477149 40609
224297 61
27573823 3677
159331253 7499
1400623487 21247
6481154957 65921
4353575077 98317
4353575077 44281
5997337 98317
5997337 61
5222304089 98317
535366243 53117
194010671 10079
1014826529 19249
306467173 52721
407206463 5813
364239011 2914897567 [2914897567, 3400795169, 2990368189, 22058053, 44461, 9751837, 1943095799, 3364679839, 7116769799, 12613603, 799433, 341690603, 3929848621, 9194431, 7961633, 11827397, 6356381, 1753050307, 18215903, 2610863, 1757507, 5859683, 3306114439, 5662590917, 1739751857, 2927196301, 7633316627, 2565136603, 8429857, 8688913, 1169216647, 45891641, 19922251]
29863
2914897567 29863
3400795169 97609
2990368189 34841
22058053 85829
44461 257
9751837 173
1943095799 56369
3364679839 34471
7116769799 97609
12613603 72911
799433 173
341690603 4621
3929848621 73943
9194431 53147
7961633 173
11827397 46021
6356381 257
1753050307 24733
18215903 70879
2610863 257
1757507 10159
5859683 173
3306114439 33871
5662590917 97609
1739751857 58013
2927196301 29989
7633316627 97609
2565136603 78203
8429857 32801
8688913 257
1169216647 33809
45891641 34583
19922251 1327
6089430587 33808139 [33808139, 9225523, 846382127, 2743577591, 142033217, 120264649, 2347551853, 463019057, 719544701, 36451907, 45571297, 2908137301, 2063420017, 327779017, 461964301, 3006165419, 5010331, 75953, 253009, 75953, 3877529, 3877529, 6574691, 3944771059, 6413775007, 5364197989, 884801321, 71241377, 436532651, 1375997281, 849606349, 6671029, 8378537]
67213
33808139 67213
9225523 503
846382127 18341
2743577591 46147
142033217 59453
120264649 2389
2347551853 50341
463019057 46633
719544701 9929
36451907 72469
45571297 503
2908137301 90599
2063420017 32099
327779017 64283
461964301 5099
3006165419 90599
5010331 33181
75953 151
253009 503
75953 503
3877529 151
3877529 25679
6574691 151
3944771059 43541
6413775007 90599
5364197989 70793
884801321 75773
71241377 11677
436532651 6101
1375997281 71551
849606349 19231
6671029 44179
8378537 151
3682188953 4918466411 [4918466411, 894447649, 8502413, 14311147, 220127351, 361528381, 23504057, 59971187, 4843383823, 6053747893, 7357088383, 3711137711, 3658578919, 128925827, 54060029, 115833379, 315953051, 3235763633, 2838642827, 129359719, 27463097, 1544973077, 8295384241, 147456901, 127572343, 2056522903, 1519927463, 1297695071, 36076177, 48034111, 24417587, 20335507, 20335507]
56809
4918466411 56809
894447649 86579
8502413 10331
14311147 823
220127351 17389
361528381 12659
23504057 28559
59971187 823
4843383823 72869
6053747893 66467
7357088383 91079
3711137711 80777
3658578919 45943
128925827 79633
54060029 1619
115833379 33391
315953051 3469
3235763633 91079
2838642827 35527
129359719 79901
27463097 1619
1544973077 16963
8295384241 91079
147456901 91079
127572343 1619
2056522903 78797
1519927463 26099
1297695071 58237
36076177 22283
48034111 1619
24417587 29669
20335507 823
20335507 24709
4633145213 2735109287 [2735109287, 210545843, 184469881, 557616151, 416209259, 1663835557, 5976886801, 9562377157, 49075153, 49075153, 5985300073, 1388254649, 1517136799, 33187991, 249001, 2538413, 500291189, 8610968279, 1233415459, 82563907, 576411767, 49075153, 2538413, 345809173, 5628593221, 1509674167, 1472807041, 656151571, 343107397, 3834752093, 461833469, 87450617, 565050979]
66083
2735109287 66083
210545843 41389
184469881 5087
557616151 36263
416209259 15377
1663835557 27067
5976886801 61471
9562377157 97231
49075153 98347
49075153 499
5985300073 98347
1388254649 60859
1517136799 22811
33187991 66509
249001 499
2538413 499
500291189 5087
8610968279 98347
1233415459 87557
82563907 14087
576411767 5861
49075153 98347
2538413 499
345809173 5087
5628593221 67979
1509674167 82799
1472807041 18233
656151571 80777
343107397 8123
3834752093 42239
461833469 90787
87450617 5087
565050979 17191
507501619 952989883 [952989883, 3186084439, 138810283, 2199289, 96277843, 2403440341, 1697523913, 3613629077, 2874085421, 54083527, 13971343, 368671993, 883349209, 2123284099, 139495429, 1377707, 15396317, 50829391, 288491221, 87384527, 56047499, 56047499, 37865111, 1357967603, 2288311511, 63806507, 87384527, 4379479217, 2558370491, 1551155321, 2655304427, 1426089143, 1154464667]
27997
952989883 27997
3186084439 34039
138810283 93601
2199289 1483
96277843 1483
2403440341 64921
1697523913 37021
3613629077 45853
2874085421 78809
54083527 36469
13971343 1483
368671993 9421
883349209 39133
2123284099 22573
139495429 94063
1377707 1483
15396317 929
50829391 16573
288491221 3067
87384527 94063
56047499 929
56047499 60331
37865111 929
1357967603 40759
2288311511 33317
63806507 68683
87384527 929
4379479217 94063
2558370491 46559
1551155321 54949
2655304427 28229
1426089143 94063
1154464667 15161
53430431 2655319 [2655319, 5004169, 2655319, 33137479, 33137479, 85443821, 2805249493, 3799633529, 218105263, 69232913, 2707201877, 306068027, 114917657, 73469791, 55081651, 1490208583, 2187894671, 1397272301, 2595530603, 6547350347, 1257054607, 646622629, 3180753413, 2519018699, 1671494677, 49952521, 28087981, 1623210811, 6688138903, 4596395357, 3502583471, 7243883203, 463997741]
1187
2655319 1187
5004169 2237
2655319 2237
33137479 1187
33137479 27917
85443821 1187
2805249493 71983
3799633529 38971
218105263 97499
69232913 2237
2707201877 30949
306068027 87473
114917657 3499
73469791 32843
55081651 2237
1490208583 24623
2187894671 60521
1397272301 36151
2595530603 38651
6547350347 67153
1257054607 97499
646622629 12893
3180753413 50153
2519018699 63421
1671494677 39719
49952521 42083
28087981 1187
1623210811 23663
6688138903 68597
4596395357 97499
3502583471 47143
7243883203 74297
463997741 97499
7523752277 3367885397 [3367885397, 459071941, 899113673, 5568524537, 6455262421, 1223996531, 1019952487, 6228970103, 8610026939, 160149491, 94049519, 705029681, 23992279, 56430427, 1300423261, 627763529, 963062069, 1512678499, 885861763, 496730029, 179854921, 1319468057, 4460571419, 81107893, 71314907, 3922000981, 9680001769, 1922580367, 1007358091, 4156505579, 2751303367, 61046047, 109721159]
98387
3367885397 98387
459071941 34231
899113673 13411
5568524537 67043
6455262421 83059
1223996531 77719
1019952487 15749
6228970103 64763
8610026939 96181
160149491 89519
94049519 1789
705029681 52571
23992279 13411
56430427 1789
1300423261 31543
627763529 41227
963062069 15227
1512678499 63247
885861763 23917
496730029 37039
179854921 13411
1319468057 13411
4460571419 98387
81107893 45337
71314907 1789
3922000981 39863
9680001769 98387
1922580367 98387
1007358091 19541
4156505579 51551
2751303367 80629
61046047 34123
109721159 1789
274090331 4402067051 [4402067051, 6380205901, 17527079, 63001, 19455763, 2078356069, 849623531, 2895209503, 2151648581, 1712177143, 2853822457, 3586324619, 519798241, 32364721, 265943683, 2509425707, 13473931, 17787617, 6475046923, 5177241647, 1302852359, 1267535111, 927732283, 618953791, 1644058079, 2101706917, 3072702001, 2734957697, 3005637029, 6028151993, 21067183, 1427939, 88856491]
48179
4402067051 48179
6380205901 91369
17527079 69829
63001 251
19455763 251
2078356069 77513
849623531 26813
2895209503 31687
2151648581 91369
1712177143 23549
2853822457 72707
3586324619 39251
519798241 91369
32364721 5689
265943683 5689
2509425707 46747
13473931 53681
17787617 251
6475046923 70867
5177241647 91369
1302852359 56663
1267535111 22993
927732283 55127
618953791 16829
1644058079 36779
2101706917 44701
3072702001 47017
2734957697 65353
3005637029 41849
6028151993 71821
21067183 83933
1427939 251
88856491 5689
747389459 18449173 [18449173, 8456269, 941404127, 2004073079, 18001813, 16025041, 16025041, 17817743, 2400959987, 1606553093, 9261589, 6976283, 707379679, 170554429, 1682033, 215933, 53390329, 4004990723, 16197871, 16197871, 8008639081, 4094302741, 4084329023, 4135750271, 604243061, 3039019, 7251193, 57480487, 72119809, 669148439, 3101797, 7531591, 3723810001]
79181
18449173 79181
8456269 233
941404127 36293
2004073079 25939
18001813 77261
16025041 233
16025041 68777
17817743 233
2400959987 76471
1606553093 31397
9261589 51169
6976283 181
707379679 38543
170554429 18353
1682033 9293
215933 181
53390329 1193
4004990723 44753
16197871 89491
16197871 181
8008639081 89491
4094302741 89491
4084329023 45751
4135750271 89273
604243061 46327
3039019 13043
7251193 233
57480487 31121
72119809 1847
669148439 39047
3101797 17137
7531591 181
3723810001 41611
1008124583 7192566481 [7192566481, 2762483557, 33582763, 60945503, 2938566343, 77201183, 1601143, 34560151, 1317140653, 40511083, 68595523, 906112927, 1155013771, 3351736489, 3039441547, 693008977, 13994083, 88941863, 88941863, 50520643, 2758921579, 2323512173, 281449381, 217160947, 514459843, 25091447, 32648677, 2287972417, 5608194871, 120545413, 51110783, 826428121, 715487723]
84809
7192566481 84809
2762483557 84809
33582763 32573
60945503 1031
2938566343 59113
77201183 49711
1601143 1553
34560151 1031
1317140653 33521
40511083 39293
68595523 1031
906112927 66533
1155013771 13619
3351736489 84809
3039441547 39521
693008977 76907
13994083 9011
88941863 1553
88941863 57271
50520643 1553
2758921579 32531
2323512173 84809
281449381 27397
217160947 10273
514459843 21139
25091447 24337
32648677 1031
2287972417 31667
5608194871 72251
120545413 77621
51110783 1553
826428121 32911
715487723 25111
2493473 237003539 [237003539, 7790805859, 3351999163, 2134096553, 2349899039, 4709859559, 3281457077, 1485306341, 1974616643, 3892660657, 8870832083, 2839356239, 1281094799, 217332197, 118489937, 58300679, 118400747, 141313807, 156259123, 1416466643, 26977133, 1100401, 37983241, 1159013881, 33577441, 22556647, 2143999621, 2755004117, 474341377, 40805959, 8954159, 8954159, 108550459]
2377
237003539 2377
7790805859 99707
3351999163 78137
2134096553 42899
2349899039 49747
4709859559 47237
3281457077 99707
1485306341 32911
1974616643 45131
3892660657 43753
8870832083 88969
2839356239 99707
1281094799 28477
217332197 44987
118489937 4831
58300679 24527
118400747 2377
141313807 49811
156259123 2837
1416466643 55079
26977133 25717
1100401 1049
37983241 1049
1159013881 36209
33577441 32009
22556647 1049
2143999621 21503
2755004117 99707
474341377 27631
40805959 17167
8954159 2377
8954159 3767
108550459 2377
4172012731 40557623 [40557623, 1025467, 43798493, 1448293127, 3057065663, 6584708369, 470613889, 163656673, 3096517313, 4920058691, 40356781, 537289, 11095421, 1158147007, 5037254707, 92105963, 139400557, 6132329149, 3405974249, 2959688297, 39200107, 1025467, 139400557, 9338442317, 3426272921, 896024531, 1390420079, 5265147379, 3634493249, 3902119523, 139400557, 138812977, 9702917947]
55331
40557623 55331
1025467 733
43798493 1399
1448293127 31307
3057065663 46261
6584708369 66083
470613889 99643
163656673 4723
3096517313 34651
4920058691 89363
40356781 55057
537289 733
11095421 733
1158147007 15137
5037254707 76511
92105963 65837
139400557 1399
6132329149 99643
3405974249 61543
2959688297 55343
39200107 53479
1025467 733
139400557 1399
9338442317 99643
3426272921 93719
896024531 36559
1390420079 24509
5265147379 56731
3634493249 92809
3902119523 39161
139400557 99643
138812977 1399
9702917947 99223
562039561 3509328149 [3509328149, 155456359, 73171531, 197021291, 418580999, 8969164429, 7044915811, 5414776529, 1070156471, 24132319, 53678621, 1887302903, 132833851, 5527201, 208319759, 5061257471, 1200127309, 2032541107, 227428687, 108317623, 1674338893, 1751163767, 1226503711, 2462246861, 155456359, 75090289, 75090289, 118270379, 3317973551, 105990133, 52617731, 940382477, 926012663]
36277
3509328149 36277
155456359 96737
73171531 1607
197021291 45533
418580999 4327
8969164429 96737
7044915811 92717
5414776529 75983
1070156471 71263
24132319 15017
53678621 1607
1887302903 33403
132833851 56501
5527201 2351
208319759 2351
5061257471 88609
1200127309 57119
2032541107 21011
227428687 96737
108317623 2351
1674338893 46073
1751163767 36341
1226503711 48187
2462246861 25453
155456359 96737
75090289 1607
75090289 46727
118270379 1607
3317973551 73597
105990133 45083
52617731 2351
940382477 22381
926012663 42017
45263329 896997037 [896997037, 47549653, 91649683, 91649683, 108849779, 3382213501, 4785713461, 4722077621, 24172919, 6440377, 927857143, 7291374661, 8831361989, 749898817, 120253649, 722219801, 3686449607, 3045953797, 1834124969, 4153955753, 3482141633, 79008641, 1095877, 19969597, 3900976423, 4261910953, 3856941329, 8947099673, 154018619, 788441, 29126507, 4591058513, 40837579]
29221
896997037 29221
47549653 30697
91649683 1549
91649683 59167
108849779 1549
3382213501 70271
4785713461 48131
4722077621 99431
24172919 47491
6440377 509
927857143 12653
7291374661 73331
8831361989 99431
749898817 88819
120253649 8443
722219801 14243
3686449607 50707
3045953797 72701
1834124969 41897
4153955753 43777
3482141633 94889
79008641 36697
1095877 2153
19969597 509
3900976423 39233
4261910953 99431
3856941329 42863
8947099673 89983
154018619 99431
788441 1549
29126507 509
4591058513 57223
40837579 80231
2725520887 2869622183 [2869622183, 156951349, 38318827, 588466139, 48484721, 169187741, 2526355313, 1603279981, 2479888349, 2023652453, 1825164533, 67568117, 93700627, 93700627, 101286439, 2472772591, 3853487129, 5906214631, 6335225737, 164794271, 164794271, 4736730709, 88328411, 164794271, 8837316049, 8258796971, 940993483, 339827897, 210001013, 369254153, 97794611, 3157153, 7436329]
32051
2869622183 32051
156951349 89533
38318827 1753
588466139 21859
48484721 26921
169187741 1801
2526355313 93941
1603279981 26893
2479888349 59617
2023652453 41597
1825164533 48649
67568117 37517
93700627 1801
93700627 52027
101286439 1801
2472772591 56239
3853487129 43969
5906214631 87641
6335225737 67391
164794271 94007
164794271 1753
4736730709 94007
88328411 50387
164794271 1753
8837316049 94007
8258796971 94007
940993483 87853
339827897 10711
210001013 31727
369254153 6619
97794611 55787
3157153 1753
7436329 1801
6046911523 3508049029 [3508049029, 4955218337, 5055420647, 2653884811, 1536833497, 2237174801, 297718403, 50771389, 915280127, 1975630637, 195161191, 606513769, 7466909977, 4382567219, 4032077851, 7774662367, 6262214017, 336202943, 81531727, 655462033, 296261671, 473754581, 5606514989, 9561302977, 807937033, 286961723, 1076965469, 372163123, 99164341, 36851449, 453685417, 453685417, 299219573]
60631
3508049029 60631
4955218337 57859
5055420647 85643
2653884811 59029
1536833497 44959
2237174801 34183
297718403 65447
50771389 4549
915280127 11161
1975630637 82007
195161191 24091
606513769 8101
7466909977 74869
4382567219 99733
4032077851 43943
7774662367 91757
6262214017 84731
336202943 73907
81531727 4549
655462033 17923
296261671 36571
473754581 8101
5606514989 58481
9561302977 95869
807937033 99733
286961723 8101
1076965469 35423
372163123 30403
99164341 12241
36851449 8101
453685417 4549
453685417 99733
299219573 4549
1839610793 932532379 [932532379, 1131145123, 531331681, 137983297, 959728657, 6430454369, 2323853593, 173738659, 30084209, 319926877, 5640548651, 6681427433, 1720154647, 1392966187, 3220676021, 4223049973, 402393443, 30084209, 30084209, 30084209, 700534363, 8810548181, 378365983, 229121369, 5335270483, 8838039097, 3633768097, 2322789037, 1827170441, 226568759, 625052453, 4827767993, 5048225761]
45863
932532379 45863
1131145123 20333
531331681 55631
137983297 9551
959728657 14447
6430454369 66431
2323853593 96799
173738659 24007
30084209 7237
319926877 4157
5640548651 76961
6681427433 73291
1720154647 91163
1392966187 18869
3220676021 73823
4223049973 43627
402393443 96799
30084209 4157
30084209 7237
30084209 4157
700534363 7237
8810548181 96799
378365983 91019
229121369 4157
5335270483 55117
8838039097 96799
3633768097 91303
2322789037 39799
1827170441 58363
226568759 31307
625052453 7237
4827767993 86369
5048225761 55897
7669070819 38263139 [38263139, 23077, 2588713, 5420379469, 5567011859, 4586444813, 5428024073, 2034647059, 207661703, 24140989, 166051, 3219077, 4597732339, 1387086527, 1706949767, 8129634299, 48319801, 23077, 4183799, 4957445747, 1715784019, 320382791, 5105909, 39641867, 3582381427, 715571117, 757969, 4259657, 216879983, 235497523, 48319801, 5085287, 895538719]
77929
38263139 77929
23077 491
2588713 47
5420379469 55079
5567011859 98411
4586444813 56569
5428024073 81077
2034647059 66949
207661703 30391
24140989 6833
166051 3533
3219077 47
4597732339 68491
1387086527 67129
1706949767 20663
8129634299 82609
48319801 98411
23077 491
4183799 47
4957445747 89017
1715784019 55691
320382791 30809
5105909 10399
39641867 491
3582381427 80737
715571117 44371
757969 16127
4259657 47
216879983 90631
235497523 2393
48319801 98411
5085287 491
895538719 10357
1675978021 1287936317 [1287936317, 105665039, 387307303, 6199515169, 1916222369, 363570443, 83016023, 92651861, 1312782001, 515806087, 90672391, 76914437, 86283539, 362850463, 425292431, 1432934663, 3820870399, 3612398407, 413668637, 218717963, 193606921, 245020309, 2665037933, 2557924927, 3219601487, 5218476413, 1189409359, 751287503, 240770293, 27334883, 143942971, 1208711689, 229535297]
59957
1287936317 59957
105665039 21481
387307303 4919
6199515169 78737
1916222369 78737
363570443 24337
83016023 14939
92651861 5557
1312782001 16673
515806087 78737
90672391 6551
76914437 13841
86283539 5557
362850463 15527
425292431 23369
1432934663 18199
3820870399 78737
3612398407 48527
413668637 74441
218717963 5557
193606921 39359
245020309 4919
2665037933 49811
2557924927 53503
3219601487 47809
5218476413 67343
1189409359 77491
751287503 15349
240770293 48947
27334883 4919
143942971 5557
1208711689 25903
229535297 46663
98294797 3893413 [3893413, 3073009, 37074197, 1732081951, 143568947, 92149951, 4452267199, 5659538237, 3516856051, 116893451, 152185141, 780659753, 920770867, 2898896711, 3297759991, 8452779721, 8452779721, 8452779721, 3345568271, 1771161797, 654700523, 802069679, 1697220227, 1522855889, 2730311593, 1715509127, 74663357, 4932841, 194277533, 2887746149, 57871789, 158104823, 7843821079]
2221
3893413 2221
3073009 1753
37074197 1753
1732081951 21149
143568947 81899
92149951 1753
4452267199 52567
5659538237 84697
3516856051 66821
116893451 52631
152185141 2221
780659753 68521
920770867 11393
2898896711 80819
3297759991 35869
8452779721 91939
8452779721 91939
8452779721 91939
3345568271 91939
1771161797 36389
654700523 48673
802069679 13451
1697220227 59629
1522855889 28463
2730311593 53503
1715509127 51031
74663357 33617
4932841 2221
194277533 2221
2887746149 87473
57871789 33013
158104823 1753
7843821079 90191
17606867 64818599 [64818599, 153547291, 528177373, 999368947, 78917017, 497292787, 497292787, 17606867, 9006001, 277871593, 1285468619, 1370682473, 6808785953, 1744832863, 304548137, 247372387, 2029020781, 3768266077, 223925789, 247229513, 1174961737, 1404661891, 1952058373, 116285749, 105386117, 3125167181, 8786367883, 1248650957, 1248650957, 8764449601, 6989562227, 5201917379, 5351493067]
3001
64818599 3001
153547291 21599
528177373 7109
999368947 74297
78917017 13451
497292787 5867
497292787 84761
17606867 5867
9006001 3001
277871593 3001
1285468619 92593
1370682473 13883
6808785953 98731
1744832863 68963
304548137 25301
247372387 12037
2029020781 20551
3768266077 98731
223925789 38167
247229513 5867
1174961737 42139
1404661891 27883
1952058373 50377
116285749 38749
105386117 3001
3125167181 35117
8786367883 88993
1248650957 98731
1248650957 12647
8764449601 98731
6989562227 88771
5201917379 78737
5351493067 66067
83945941 604460093 [604460093, 236777041, 383598401, 2014899319, 6477699451, 7987175641, 1178177893, 69988547, 369787777, 1436732431, 13015637, 398161, 4360841, 617642981, 7513151857, 5119596233, 215521561, 2233109, 1503673, 75438631, 1292207083, 3648034849, 7330298791, 1216453451, 340267633, 936739747, 1425707851, 1997052529, 4923172853, 54318373, 13341233, 50383769, 5678689]
35227
604460093 35227
236777041 17159
383598401 13799
2014899319 27799
6477699451 72481
7987175641 89371
1178177893 89371
69988547 13183
369787777 5309
1436732431 69653
13015637 20627
398161 631
4360841 631
617642981 6911
7513151857 89371
5119596233 84067
215521561 60899
2233109 3539
1503673 631
75438631 2383
1292207083 31657
3648034849 40819
7330298791 89371
1216453451 82021
340267633 14831
936739747 22943
1425707851 40829
1997052529 34919
4923172853 57191
54318373 86083
13341233 631
50383769 21143
5678689 2383
4376845259 166478749 [166478749, 11950849, 180417373, 1154890381, 1830665783, 738173021, 491808991, 3073489271, 4423846079, 3571016329, 1349624779, 2180573641, 1183486471, 1479004151, 3608486561, 354269869, 30846811, 226976249, 4821390481, 655242659, 810984701, 4614605651, 1479372901, 864523927, 274189711, 84619837, 470917039, 177783139, 120466079, 2935127963, 2023433267, 2183378401, 810984701]
48157
166478749 48157
11950849 3457
180417373 3457
1154890381 52189
1830665783 22129
738173021 82727
491808991 8923
3073489271 55117
4423846079 55763
3571016329 79333
1349624779 45013
2180573641 29983
1183486471 72727
1479004151 16273
3608486561 90887
354269869 39703
30846811 8923
226976249 3457
4821390481 65657
655242659 73433
810984701 8923
4614605651 90887
1479372901 50773
864523927 29137
274189711 29671
84619837 9241
470917039 9157
177783139 51427
120466079 3457
2935127963 34847
2023433267 84229
2183378401 24023
810984701 90887
467512049 318303343 [318303343, 226549549, 97047547, 1167244597, 7605132841, 632309191, 69072721, 816613927, 4399260661, 3223611227, 2994654407, 485681461, 1167244597, 2787212563, 2321789527, 5414733263, 1409980441, 1418566909, 4932305393, 7536159751, 4374193399, 1824181433, 679539787, 190346777, 575430883, 2157483899, 3440880133, 3301927709, 3684414061, 728849767, 428656447, 5155688497, 5387797939]
11677
318303343 11677
226549549 27259
97047547 8311
1167244597 11677
7605132841 99961
632309191 76081
69072721 8311
816613927 8311
4399260661 98257
3223611227 44773
2994654407 71999
485681461 41593
1167244597 11677
2787212563 99961
2321789527 27883
5414733263 83269
1409980441 65027
1418566909 21683
4932305393 65423
7536159751 75391
4374193399 99961
1824181433 43759
679539787 41687
190346777 16301
575430883 11677
2157483899 49279
3440880133 43781
3301927709 78593
3684414061 42013
728849767 87697
428656447 8311
5155688497 51577
5387797939 99961
979906679 1581394421 [1581394421, 1901198011, 5743798153, 225859573, 17724269, 304617683, 5642374123, 328303189, 236279273, 118435561, 19330133, 41933831, 280018597, 257513903, 309418381, 155096717, 6470993, 6470993, 3243601, 67128673, 1278501173, 958610047, 1014671729, 716663873, 1136117623, 2686818317, 3372842293, 6601973369, 8349025129, 1411804223, 754147859, 2270155399, 1442724709]
76003
1581394421 76003
1901198011 20807
5743798153 91373
225859573 62861
17724269 3593
304617683 4933
5642374123 61751
328303189 91373
236279273 3593
118435561 65761
19330133 1801
41933831 10733
280018597 3907
257513903 71671
309418381 3593
155096717 86117
6470993 1801
6470993 3593
3243601 1801
67128673 1801
1278501173 37273
958610047 34301
1014671729 27947
716663873 36307
1136117623 19739
2686818317 57557
3372842293 46681
6601973369 72253
8349025129 91373
1411804223 91373
754147859 15451
2270155399 48809
1442724709 46511
2488902277 3294780547 [3294780547, 31376977, 4705231, 4705231, 16341667, 16341667, 15731759, 22878047, 35004191, 6701745991, 8736162041, 5860368067, 40438381, 56704709, 38273603, 18847063, 1418108621, 1444609489, 4100272091, 3375264199, 1868183519, 25121273, 212521, 146137, 1074313, 72839777, 2127398633, 8770607429, 8770607429, 6243622499, 4672703083, 3427765021, 3615725947]
33287
3294780547 33287
31376977 98981
4705231 317
4705231 14843
16341667 317
16341667 51551
15731759 317
22878047 49627
35004191 461
6701745991 75931
8736162041 88261
5860368067 98981
40438381 59207
56704709 683
38273603 83023
18847063 461
1418108621 40883
1444609489 34687
4100272091 41647
3375264199 98453
1868183519 34283
25121273 54493
212521 461
146137 461
1074313 317
72839777 3389
2127398633 21493
8770607429 98981
8770607429 88609
6243622499 98981
4672703083 63079
3427765021 74077
3615725947 46273
44077741 270627479 [270627479, 2597566541, 3394444453, 3515179103, 2604412147, 1472575849, 1602530437, 2501093207, 386620093, 181682317, 3059108513, 6380951477, 4630459811, 4026386527, 2526738913, 3113433913, 5554478179, 2479457207, 3051893837, 56085517, 46310107, 46310107, 5833249, 382305601, 1782880223, 1461772651, 178988989, 262288319, 4416326491, 56085517, 426409, 3330953, 366756799]
8641
270627479 8641
2597566541 31319
3394444453 82939
3515179103 40927
2604412147 85889
1472575849 30323
1602530437 48563
2501093207 32999
386620093 75793
181682317 5101
3059108513 35617
6380951477 85889
4630459811 74293
4026386527 62327
2526738913 64601
3113433913 39113
5554478179 79601
2479457207 69779
3051893837 35533
56085517 85889
46310107 653
46310107 70919
5833249 653
382305601 8933
1782880223 42797
1461772651 41659
178988989 35089
262288319 5101
4416326491 51419
56085517 85889
426409 653
3330953 653
366756799 5101
3281594089 4190957101 [4190957101, 6309636847, 3611656309, 4573058117, 448722193, 372024479, 6623669233, 6390568949, 53545939, 27417517, 74447323, 1866079, 64120663, 7527951469, 7956384923, 4461942169, 57910441, 1125721, 66398441, 51879649, 22581131, 466794743, 355952627, 275402689, 1025146103, 7649666663, 9788925721, 82020431, 19374559, 24796631, 1125721, 61067977, 2017430407]
42359
4190957101 42359
6309636847 98939
3611656309 63773
4573058117 56633
448722193 80749
372024479 5557
6623669233 66947
6390568949 98939
53545939 64591
27417517 829
74447323 33073
1866079 2251
64120663 829
7527951469 77347
7956384923 97327
4461942169 81749
57910441 54581
1125721 1061
66398441 1061
51879649 62581
22581131 829
466794743 27239
355952627 17137
275402689 20771
1025146103 13259
7649666663 77317
9788925721 98939
82020431 98939
19374559 829
24796631 23371
1125721 1061
61067977 1061
2017430407 57557
770011337 648554293 [648554293, 682511171, 5673281363, 395636953, 195289993, 573188443, 1339208113, 6042739279, 1041492433, 727039619, 1861065799, 2886649291, 3311054701, 846866107, 174565397, 662849021, 6122826433, 5134293209, 659924297, 56509709, 289626919, 983069077, 2316620393, 9556640329, 4158769651, 2123748881, 527200397, 396028159, 303533887, 711396541, 711396541, 744258833, 8988985727]
94007
648554293 94007
682511171 6899
5673281363 98929
395636953 57347
195289993 6899
573188443 28307
1339208113 20249
6042739279 66137
1041492433 91367
727039619 11399
1861065799 63781
2886649291 29179
3311054701 98929
846866107 33469
174565397 25303
662849021 6899
6122826433 96079
5134293209 63727
659924297 80567
56509709 8191
289626919 6899
983069077 41981
2316620393 23417
9556640329 98929
4158769651 96601
2123748881 43051
527200397 49331
396028159 10687
303533887 37057
711396541 8191
711396541 86851
744258833 8191
8988985727 90863
13465897 1662282361 [1662282361, 18107857, 10448623, 1337778397, 1112698567, 1767470063, 7666151167, 7108705951, 684225317, 638735971, 3738085453, 3196002911, 5203571687, 1299877463, 5515583, 146689, 7678001, 1780033271, 758203427, 52096439, 92131201, 1219390649, 492649649, 496969157, 496969157, 99647633, 293291681, 1767309983, 9686299561, 9686299561, 1649404021, 227369353, 82772267]
35159
1662282361 35159
18107857 47279
10448623 383
1337778397 27281
1112698567 49037
1767470063 22691
7666151167 77893
7108705951 98419
684225317 72229
638735971 9473
3738085453 67427
3196002911 55439
5203571687 57649
1299877463 90263
5515583 14401
146689 383
7678001 383
1780033271 20047
758203427 88793
52096439 8539
92131201 6101
1219390649 15101
492649649 80749
496969157 6101
496969157 81457
99647633 6101
293291681 16333
1767309983 17957
9686299561 98419
9686299561 98419
1649404021 98419
227369353 16759
82772267 13567
397681751 135627439 [135627439, 539781601, 3144938549, 1771670707, 668023981, 367246277, 2561777137, 527496103, 83293799, 595521559, 1279005977, 1370235049, 1511613143, 1630486301, 284391091, 272880037, 4279151533, 3084768587, 2224414447, 1191321251, 305035559, 79210381, 429009989, 8464552009, 429009989, 268397617, 268397617, 27357821, 156255811, 124189679, 395977297, 3562606807, 1008675979]
23117
135627439 23117
539781601 5867
3144938549 92003
1771670707 34183
668023981 51829
367246277 12889
2561777137 28493
527496103 89909
83293799 5867
595521559 14197
1279005977 41947
1370235049 30491
1511613143 44939
1630486301 33637
284391091 48473
272880037 5867
4279151533 46511
3084768587 92003
2224414447 33529
1191321251 66343
305035559 17957
79210381 16987
429009989 4663
8464552009 92003
429009989 92003
268397617 4663
268397617 57559
27357821 4663
156255811 5867
124189679 26633
395977297 4663
3562606807 84919
1008675979 41953
798264251 2177757739 [2177757739, 2589999491, 1074708559, 727859663, 4399697297, 580584659, 209800099, 453640697, 142461467, 737210291, 1450534133, 377282933, 191747891, 283778437, 2380809139, 6184819279, 6437120017, 740877281, 359071003, 2218765441, 524285147, 84847001, 128456917, 128456917, 872794141, 7482249667, 3232537603, 2598374263, 1941451543, 677086313, 2281564583, 6663047749, 6663047749]
76367
2177757739 76367
2589999491 28517
1074708559 90823
727859663 11833
4399697297 61511
580584659 71527
209800099 8117
453640697 25847
142461467 17551
737210291 8117
1450534133 90823
377282933 15971
191747891 23623
283778437 8117
2380809139 34961
6184819279 68099
6437120017 90821
740877281 70877
359071003 10453
2218765441 34351
524285147 64591
84847001 8117
128456917 10453
128456917 12289
872794141 10453
7482249667 83497
3232537603 89611
2598374263 36073
1941451543 72031
677086313 26953
2281564583 25121
6663047749 90823
6663047749 73363
283274521 782466827 [782466827, 5958248363, 5333654869, 6920996809, 3815829683, 2793776551, 496813937, 71110747, 311224289, 300561203, 634112953, 656609539, 827577383, 8912586959, 765826531, 293550401, 1039275397, 1256325319, 4129785703, 1615130921, 1615130921, 6634410413, 841107557, 104919887, 203275309, 1092844637, 4136238647, 7164381713, 1212428911, 1463329639, 827577383, 169277387, 1574786683]
8287
782466827 8287
5958248363 94421
5333654869 63103
6920996809 84523
3815829683 81883
2793776551 46601
496813937 59951
71110747 8287
311224289 8581
300561203 36269
634112953 8287
656609539 76519
827577383 8581
8912586959 96443
765826531 92413
293550401 8287
1039275397 35423
1256325319 29339
4129785703 42821
1615130921 96443
1615130921 16747
6634410413 96443
841107557 68791
104919887 12227
203275309 8581
1092844637 23689
4136238647 46133
7164381713 89659
1212428911 79907
1463329639 15173
827577383 96443
169277387 8581
1574786683 19727
78786403 158213449 [158213449, 1004928527, 3919434787, 4858604869, 2319902293, 2840060591, 2257998271, 2805980449, 1049042053, 87577801, 453962167, 453962167, 617066069, 8202610711, 7488277087, 4041166933, 1882959643, 2164267681, 366107, 400421, 4181024473, 5738886047, 4044489187, 360577, 200221, 181428829, 320949457, 354193, 49, 598591, 6122474261, 6965170951, 9463982089]
6343
158213449 6343
1004928527 24943
3919434787 40289
4858604869 97283
2319902293 49943
2840060591 46451
2257998271 61141
2805980449 36931
1049042053 75979
87577801 13807
453962167 6343
453962167 71569
617066069 6343
8202610711 97283
7488277087 84317
4041166933 88811
1882959643 45503
2164267681 41381
366107 52301
400421 7
4181024473 57203
5738886047 73091
4044489187 78517
360577 51511
200221 7
181428829 28603
320949457 6343
354193 50599
49 7
598591 7
6122474261 85513
6965170951 71597
9463982089 97283
3022877441 42862201 [42862201, 14881057, 2426763023, 7647927011, 4882867303, 5746630243, 4460978989, 4565649953, 1719179809, 1719179809, 3880638653, 3880638653, 5130933191, 5117495611, 2999521981, 17236717, 26510279, 806816347, 1156134871, 2084541149, 1191688241, 660937939, 1665531743, 5474604859, 5650946117, 56488613, 25854791, 1504348973, 1043433319, 17933173, 25434869, 774087217, 1380147583]
75329
42862201 75329
14881057 569
2426763023 26153
7647927011 92791
4882867303 82421
5746630243 59243
4460978989 97001
4565649953 45989
1719179809 99277
1719179809 17317
3880638653 99277
3880638653 39089
5130933191 99277
5117495611 51683
2999521981 99017
17236717 30293
26510279 569
806816347 46591
1156134871 17317
2084541149 66763
1191688241 31223
660937939 38167
1665531743 17317
5474604859 96179
5650946117 56921
56488613 99277
25854791 569
1504348973 45439
1043433319 33107
17933173 31517
25434869 569
774087217 44701
1380147583 17317
6895333 6163403 [6163403, 261438077, 3969137303, 4330146599, 4871694517, 3604125449, 4058760313, 2324479219, 1009241021, 814899599, 30192803, 6163403, 70618049, 168625711, 122438273, 795073267, 2848464683, 2228415379, 4647670733, 7369707409, 6553817521, 340718809, 51552113, 51552113, 108616031, 33609397, 106600771, 3843108317, 801421339, 1381879159, 118554707, 95630107, 2726046649]
1381
6163403 1381
261438077 4463
3969137303 58579
4330146599 67757
4871694517 63907
3604125449 76231
4058760313 47279
2324479219 85847
1009241021 27077
814899599 37273
30192803 21863
6163403 1381
70618049 4463
168625711 15823
122438273 10657
795073267 11489
2848464683 69203
2228415379 41161
4647670733 54139
7369707409 85847
6553817521 85847
340718809 76343
51552113 4463
51552113 11551
108616031 4463
33609397 24337
106600771 1381
3843108317 77191
801421339 49787
1381879159 16097
118554707 85847
95630107 1381
2726046649 69247
215127607 1117326097 [1117326097, 800873701, 97856221, 303462157, 2807481319, 561612533, 1467440321, 413759267, 231073487, 231073487, 17116373, 53059709, 74520697, 126168899, 2236892491, 4843659367, 273200063, 311825897, 1569432523, 633384559, 932199773, 1594876247, 1433891189, 419297173, 274579103, 1858760041, 7556303329, 303462157, 206398393, 206398393, 241545781, 3802668169, 1062522347]
39107
1117326097 39107
800873701 28571
97856221 28031
303462157 3491
2807481319 86927
561612533 32297
1467440321 17389
413759267 84389
231073487 4903
231073487 47129
17116373 4903
53059709 3491
74520697 15199
126168899 4903
2236892491 25733
4843659367 86927
273200063 55721
311825897 4903
1569432523 63599
633384559 24677
932199773 25667
1594876247 36319
1433891189 43913
419297173 32653
274579103 12841
1858760041 21383
7556303329 86927
303462157 86927
206398393 3491
206398393 59123
241545781 3491
3802668169 69191
1062522347 54959
404735927 371105573 [371105573, 212688131, 484233469, 1658037383, 617142133, 500154953, 4732661473, 933226001, 585005417, 5535549697, 6909593659, 6909593659, 6856030189, 1391984761, 629358973, 327593897, 98624761, 76995043, 60109009, 107557369, 1093234019, 5188625929, 2240834819, 1440378659, 1083511123, 1928344123, 6037063127, 621395197, 166061507, 166061507, 190669529, 1520757341, 5810884727]
31667
371105573 31667
212688131 11719
484233469 18149
1658037383 26681
617142133 62143
500154953 9931
4732661473 50363
933226001 93971
585005417 9931
5535549697 58907
6909593659 93971
6909593659 73529
6856030189 93971
1391984761 72959
629358973 19079
327593897 32987
98624761 9931
76995043 9931
60109009 7753
107557369 7753
1093234019 13873
5188625929 78803
2240834819 65843
1440378659 34033
1083511123 42323
1928344123 25601
6037063127 75323
621395197 80149
166061507 7753
166061507 21419
190669529 7753
1520757341 24593
5810884727 61837
5480281 5480281 [5480281, 158633183, 1060423187, 395184197, 943376321, 3349391263, 8261449237, 8728061389, 9071905879, 10439257, 602879, 164608091, 2238830747, 8199743, 10044677, 4399660679, 3469913497, 5170892813, 925551323, 141108623, 1038849731, 1492239113, 1452756859, 10163051, 255169, 255169, 6366799, 1197834377, 139016953, 617438099, 8723100613, 9172467529, 9053325917]
5480281
5480281 5480281
158633183 1
1060423187 158633183
395184197 6
943376321 65864032
3349391263 14
8261449237 239242233
8728061389 34
9071905879 256707687
10439257 35
602879 298264
164608091 2
2238830747 82304045
8199743 27
10044677 303694
4399660679 33
3469913497 133323050
5170892813 26
925551323 198880492
141108623 4
1038849731 35277155
1492239113 29
1452756859 51456521
10163051 28
255169 362966
255169 0
[5480281, 5480281, 158633183, 1060423187, 395184197, 943376321, 3349391263, 8261449237, 8728061389, 9071905879, 10439257, 602879, 164608091, 2238830747, 8199743, 10044677, 4399660679, 3469913497, 5170892813, 925551323, 141108623, 1038849731, 1492239113, 1452756859, 10163051, 255169, 255169, 6366799, 1197834377, 139016953, 617438099, 8723100613, 9172467529, 9053325917]
------------------------------------
704338727 62102141 [62102141, 63704401, 187037101, 155732389, 713537359, 5721917119, 5105999081, 2257277713, 220158613, 793974551, 3874525043, 2396835211, 491163727, 693662923, 5209345913, 3907985999, 5915408137, 826530637, 651812407, 2098840537, 2690044661, 713537359, 679642277, 5728013539, 4514388407, 878224727, 1169895593, 713537359, 713537359, 4840943903, 4124682047, 6781087141, 2684669417]
8527
62102141 8527
63704401 7283
187037101 8747
155732389 21383
713537359 7283
5721917119 97973
5105999081 58403
2257277713 87427
220158613 25819
793974551 8527
3874525043 93113
2396835211 41611
491163727 57601
693662923 8527
5209345913 81349
3907985999 64037
5915408137 61027
826530637 96931
651812407 8527
2098840537 76441
2690044661 27457
713537359 97973
679642277 7283
5728013539 93319
4514388407 61381
878224727 73547
1169895593 11941
713537359 97973
713537359 7283
4840943903 97973
4124682047 49411
6781087141 83477
2684669417 81233
209072467 2414975887 [2414975887, 1900231127, 39224123, 16414481, 880404797, 1255594607, 23409611, 50844803, 5857678441, 6055130377, 9438316801, 6005194763, 140253697, 24121739, 24121739, 1227529, 17063681, 3064239691, 5527211843, 5122133683, 7851693541, 3496550623, 536484433, 1023151403, 3888678791, 115394533, 113266211, 3716419631, 7232794799, 52558691, 17665273, 899296273, 2501356243]
92143
2414975887 92143
1900231127 26209
39224123 72503
16414481 541
880404797 30341
1255594607 29017
23409611 43271
50844803 541
5857678441 93983
6055130377 62327
9438316801 97151
6005194763 97151
140253697 61813
24121739 2269
24121739 10631
1227529 2269
17063681 541
3064239691 31541
5527211843 97151
5122133683 56893
7851693541 90031
3496550623 87211
536484433 40093
1023151403 13381
3888678791 76463
115394533 50857
113266211 2269
3716419631 49919
7232794799 74449
52558691 97151
17665273 541
899296273 32653
2501356243 27541
9054933577 579809911 [579809911, 318829453, 2522698817, 725541301, 159644833, 66859433, 608105413, 3057012737, 193055141, 507862741, 327893953, 86929727, 485967809, 537903983, 625201853, 1533277063, 5787550291, 9629300641, 7234756783, 3855111103, 956313521, 318100577, 69589393, 188251051, 188251051, 155946977, 500971381, 100549019, 48479131, 118492837, 76503121, 392614129, 886006741]
93563
579809911 93563
318829453 6197
2522698817 51449
725541301 49033
159644833 14797
66859433 10789
608105413 6197
3057012737 98129
193055141 31153
507862741 6197
327893953 81953
86929727 4001
485967809 21727
537903983 22367
625201853 24049
1533277063 25997
5787550291 58979
9629300641 98129
7234756783 98129
3855111103 73727
956313521 52289
318100577 18289
69589393 17393
188251051 4001
188251051 47051
155946977 4001
500971381 38977
100549019 12853
48479131 7823
118492837 6197
76503121 19121
392614129 4001
886006741 98129
7404760151 997678919 [997678919, 109413991, 767891429, 4559258771, 2478009577, 4803197117, 311956517, 46366841, 46366841, 260561173, 5171518127, 351638011, 77277437, 619605199, 244398107, 17716889, 30963641, 938008237, 4258026613, 2386847893, 4547931287, 1716167417, 337665023, 288993179, 365548829, 114676691, 434618641, 7652704573, 3444937081, 3444937081, 536712973, 390792943, 227142647]
77023
997678919 77023
109413991 12953
767891429 8447
4559258771 90907
2478009577 50153
4803197117 49409
311956517 97213
46366841 3209
46366841 14449
260561173 3209
5171518127 81197
351638011 63691
77277437 5521
619605199 13997
244398107 44267
17716889 5521
30963641 3209
938008237 9649
4258026613 97213
2386847893 43801
4547931287 54493
1716167417 83459
337665023 20563
288993179 16421
365548829 17599
114676691 20771
434618641 5521
7652704573 78721
3444937081 97213
3444937081 35437
536712973 97213
390792943 5521
227142647 70783
7982686373 7982686373 [7982686373, 8412424577, 3689188981, 2275672229, 1427677763, 2100950827, 2100950827, 751483429, 433311961, 524822449, 524822449, 406667341, 2064620851, 7504298561, 5500977203, 1804670663, 1142640361, 2547062887, 2389931773, 899140349, 2413686059, 5163563131, 3191243023, 1609692347, 2766174239, 1478117951, 1395335873, 4633411729, 778650737, 792432437, 3276280939, 3637660127, 2506676539]
7982686373
7982686373 7982686373
8412424577 1
3689188981 8412424577
2275672229 0
[7982686373, 7982686373, 8412424577, 3689188981, 2275672229, 1427677763, 2100950827, 2100950827, 751483429, 433311961, 524822449, 524822449, 406667341, 2064620851, 7504298561, 5500977203, 1804670663, 1142640361, 2547062887, 2389931773, 899140349, 2413686059, 5163563131, 3191243023, 1609692347, 2766174239, 1478117951, 1395335873, 4633411729, 778650737, 792432437, 3276280939, 3637660127, 2506676539]
------------------------------------
267350887 2089131689 [2089131689, 5830917947, 7910876531, 7944575893, 1203387457, 1436897941, 6921907393, 2402913959, 174701437, 491996573, 874776953, 742153421, 1165779473, 132577597, 815980153, 1096648193, 63796949, 401171047, 2071694803, 245136721, 869209631, 9177555613, 9447606397, 3767023769, 3767023769, 503250299, 26697889, 358884319, 4008294013, 2421065677, 2173291259, 585943733, 445008673]
29101
2089131689 29101
5830917947 71789
7910876531 81223
7944575893 97397
1203387457 81569
1436897941 14753
6921907393 97397
2402913959 71069
174701437 33811
491996573 5167
874776953 95219
742153421 9187
1165779473 80783
132577597 14431
815980153 9187
1096648193 88819
63796949 12347
401171047 5167
2071694803 77641
245136721 26683
869209631 9187
9177555613 94613
9447606397 97001
3767023769 97397
3767023769 38677
503250299 97397
26697889 5167
358884319 5167
4008294013 69457
2421065677 57709
2173291259 41953
585943733 51803
445008673 11311
2570274809 425353451 [425353451, 1025770391, 4474968227, 1834325309, 339695767, 33541873, 14431217, 14431217, 242533241, 1101060173, 1650047359, 8979932011, 7340369041, 2865657449, 2202232567, 228318119, 94716403, 2340138811, 356549129, 104831093, 1095317957, 1105756501, 983358877, 3169457843, 9014878291, 381399817, 44464493, 41567341, 136257281, 136257281, 35264473, 222080731, 504741551]
40253
425353451 40253
1025770391 10567
4474968227 97073
1834325309 46099
339695767 39791
33541873 8537
14431217 3929
14431217 3673
242533241 3929
1101060173 61729
1650047359 17837
8979932011 92507
7340369041 97073
2865657449 75617
2202232567 37897
228318119 58111
94716403 3929
2340138811 24107
356549129 97073
104831093 3673
1095317957 28541
1105756501 38377
983358877 28813
3169457843 34129
9014878291 92867
381399817 97073
44464493 3929
41567341 11317
136257281 3673
136257281 37097
35264473 3673
222080731 9601
504741551 23131
852928339 128074489 [128074489, 683354411, 3486333271, 4904584939, 8484251519, 9975415129, 747978853, 353862739, 1858051073, 1860095869, 572697421, 393223253, 1130886301, 1159507519, 3025096141, 3947132291, 491734967, 857523041, 567463997, 682719707, 7894624637, 3461448629, 452351807, 1130308009, 3511575443, 1822255811, 388147381, 339558749, 2673441383, 441573907, 196713563, 837470761, 3184378391]
11317
128074489 11317
683354411 11317
3486333271 60383
4904584939 57737
8484251519 84947
9975415129 99877
747978853 99877
353862739 7489
1858051073 47251
1860095869 39323
572697421 47303
393223253 12107
1130886301 32479
1159507519 34819
3025096141 33301
3947132291 90841
491734967 43451
857523041 11317
567463997 75773
682719707 7489
7894624637 91163
3461448629 86599
452351807 39971
1130308009 11317
3511575443 99877
1822255811 35159
388147381 51829
339558749 7489
2673441383 45341
441573907 58963
196713563 7489
837470761 26267
3184378391 31883
3111063773 6370718311 [6370718311, 7834440223, 8176924001, 5008232821, 3769292557, 6154110617, 141331507, 141331507, 141331507, 118441, 6889, 4298321, 409169087, 306298067, 55320509, 56139607, 1529066647, 3849426547, 4509633853, 3779239, 118441, 118441, 1718681, 201541231, 121399709, 701444101, 2659616441, 4596264791, 1329615347, 379497259, 770894549, 1825896491, 1391481479]
80537
6370718311 80537
7834440223 79103
8176924001 99041
5008232821 82561
3769292557 60661
6154110617 62137
141331507 99041
141331507 1427
141331507 99041
118441 1427
6889 83
4298321 83
409169087 51787
306298067 7901
55320509 38767
56139607 1427
1529066647 39341
3849426547 38867
4509633853 99041
3779239 45533
118441 83
118441 1427
1718681 83
201541231 20707
121399709 9733
701444101 12473
2659616441 56237
4596264791 47293
1329615347 97187
379497259 13681
770894549 27739
1825896491 27791
1391481479 65701
228818167 6253931 [6253931, 20246461, 1284235759, 152981371, 36226831, 1287813689, 5438275949, 1695009949, 1335624547, 5560225093, 1926426269, 164880983, 421095473, 106664699, 2411809, 38323381, 99374279, 396687689, 396687689, 16216729, 343635991, 6942607547, 452600117, 72869737, 670708097, 1465993093, 2144547793, 7378469821, 3182662663, 428385031, 633660869, 1444387393, 2247170719]
4027
6253931 4027
20246461 1553
1284235759 13037
152981371 98507
36226831 1553
1287813689 23327
5438275949 55207
1695009949 98507
1335624547 17207
5560225093 77621
1926426269 71633
164880983 26893
421095473 6131
106664699 68683
2411809 1553
38323381 1553
99374279 24677
396687689 4027
396687689 98507
16216729 4027
343635991 4027
6942607547 85333
452600117 81359
72869737 5563
670708097 13099
1465993093 51203
2144547793 28631
7378469821 74903
3182662663 98507
428385031 32309
633660869 13259
1444387393 47791
2247170719 30223
2943595087 2805352751 [2805352751, 620912129, 526450403, 5524587323, 9869826409, 3370148281, 2324437883, 4534240133, 411000503, 559319183, 1417164061, 854157149, 5392257119, 617044217, 78339343, 78339343, 460054981, 1281354229, 799715471, 437649943, 413622697, 3541111859, 2361038419, 2894077457, 940518049, 89624089, 666221191, 4576145071, 3815719333, 3049723667, 322804303, 512326757, 1910976329]
42773
2805352751 42773
620912129 65587
526450403 9467
5524587323 55609
9869826409 99347
3370148281 99347
2324437883 33923
4534240133 68521
411000503 66173
559319183 6211
1417164061 90053
854157149 15737
5392257119 54277
617044217 99347
78339343 6211
78339343 12613
460054981 6211
1281354229 74071
799715471 17299
437649943 46229
413622697 9467
3541111859 43691
2361038419 81049
2894077457 29131
940518049 99347
89624089 9467
666221191 9467
4576145071 70373
3815719333 65027
3049723667 58679
322804303 51973
512326757 6211
1910976329 82487
2857597 70429417 [70429417, 239030461, 7134241, 2102077, 38459903, 2883124393, 157580987, 150032741, 5496837889, 697636811, 683749519, 4554909301, 37375417, 68123507, 3505114573, 2092394789, 40666651, 11450063, 1225593211, 8243544301, 9241118947, 859623599, 890810477, 9576383881, 3092442259, 2521032977, 1273161143, 474253603, 203293997, 474621739, 185311309, 215472241, 4655765423]
787
70429417 787
239030461 89491
7134241 2671
2102077 2671
38459903 787
2883124393 48869
157580987 58997
150032741 2671
5496837889 56171
697636811 97859
683749519 7129
4554909301 95911
37375417 47491
68123507 787
3505114573 86561
2092394789 40493
40666651 51673
11450063 787
1225593211 14549
8243544301 84239
9241118947 97859
859623599 94433
890810477 9103
9576383881 97859
3092442259 97859
2521032977 31601
1273161143 79777
474253603 15959
203293997 29717
474621739 6841
185311309 69379
215472241 2671
4655765423 80671
6263711099 3374248169 [3374248169, 3100693, 1609273, 1593924859, 570505517, 449528533, 3088658941, 3211640599, 4461194921, 4055698879, 3311743, 5789671, 19270099, 5055187, 57647267, 243062483, 21314563, 21314563, 6403927, 5422511, 3582337379, 1342186949, 412119893, 910597, 14941, 15898339, 15898339, 20118391, 398849357, 205448291, 4364695733, 8977254263, 9135727561]
72911
3374248169 72911
3100693 46279
1609273 67
1593924859 24019
570505517 66361
449528533 8597
3088658941 52289
3211640599 59069
4461194921 54371
4055698879 82051
3311743 49429
5789671 67
19270099 86413
5055187 223
57647267 22669
243062483 2543
21314563 95581
21314563 223
6403927 95581
5422511 67
3582337379 80933
1342186949 44263
412119893 30323
910597 13591
14941 67
15898339 223
15898339 71293
20118391 223
398849357 90217
205448291 4421
4364695733 46471
8977254263 93923
9135727561 95581
885481 34744543 [34744543, 949031869, 2560301533, 8606290789, 7455110513, 8595134357, 3972785513, 3972785513, 6065214179, 3210494303, 19350809, 31163071, 31163071, 2912879, 526881871, 97649393, 46184987, 11522699, 6176977, 598055923, 1369548419, 3776173339, 92192593, 18525467, 255281329, 180254267, 812888777, 55026857, 93733951, 36557237, 32275081, 4567847363, 304737847]
941
34744543 941
949031869 36923
2560301533 25703
8606290789 99611
7455110513 86399
8595134357 86287
3972785513 99611
3972785513 39883
6065214179 99611
3210494303 60889
19350809 52727
31163071 367
31163071 84913
2912879 367
526881871 7937
97649393 66383
46184987 1471
11522699 31397
6176977 367
598055923 16831
1369548419 35533
3776173339 38543
92192593 97973
18525467 941
255281329 19687
180254267 12967
812888777 13901
55026857 58477
93733951 941
36557237 99611
32275081 367
4567847363 87943
304737847 51941
1396778689 86014309 [86014309, 553648141, 1802793647, 1278833393, 343905493, 29854807, 544492589, 1250589161, 722678557, 559939817, 512245127, 2914093561, 4922516849, 7895862587, 553648141, 97458749, 1582623929, 8621986489, 2007119963, 1389958883, 3926304821, 1953893287, 1360871899, 222042251, 26142769, 373571119, 923589383, 73810799, 514818791, 450808097, 114771511, 1955605087, 5052233911]
14731
86014309 14731
553648141 5839
1802793647 94819
1278833393 19013
343905493 67261
29854807 5113
544492589 5839
1250589161 93251
722678557 13411
559939817 53887
512245127 10391
2914093561 49297
4922516849 59113
7895862587 83273
553648141 94819
97458749 5839
1582623929 16691
8621986489 94819
2007119963 90931
1389958883 22073
3926304821 62971
1953893287 62351
1360871899 31337
222042251 43427
26142769 5113
373571119 5113
923589383 73063
73810799 12641
514818791 5839
450808097 88169
114771511 5113
1955605087 22447
5052233911 87121
6671917193 8294590133 [8294590133, 2479726937, 57401957, 10870919, 387878663, 3346492361, 2395329953, 277633199, 149827411, 2370642517, 7956257161, 2941845089, 63599257, 211240313, 1815559583, 39250279, 10870919, 366726917, 5153280953, 5190881011, 2719288799, 743435291, 949707961, 4728639613, 7300888291, 2472725461, 566699033, 845114329, 106693999, 211240313, 6967569463, 358567369, 57986713]
89849
8294590133 89849
2479726937 92317
57401957 26861
10870919 2137
387878663 5087
3346492361 76249
2395329953 43889
277633199 54577
149827411 5087
2370642517 29453
7956257161 80489
2941845089 98849
63599257 29761
211240313 2137
1815559583 98849
39250279 18367
10870919 2137
366726917 5087
5153280953 72091
5190881011 71483
2719288799 72617
743435291 37447
949707961 19853
4728639613 47837
7300888291 98849
2472725461 73859
566699033 33479
845114329 16927
106693999 49927
211240313 2137
6967569463 98849
358567369 70487
57986713 5087
1625506859 1983195439 [1983195439, 1049974223, 3855415787, 7282124491, 907165429, 269104291, 2896190599, 4728702313, 1624123009, 2971082539, 4827954409, 1268546441, 1837318619, 4447408513, 1427827883, 235428383, 177202481, 228272927, 42068639, 12652249, 88722251, 229001683, 716274077, 3727574243, 4720995211, 2831964749, 263136641, 570130919, 220886143, 12652249, 263079277, 2927450341, 2125460119]
98809
1983195439 98809
1049974223 20071
3855415787 52313
7282124491 73699
907165429 98809
269104291 9181
2896190599 29311
4728702313 98809
1624123009 47857
2971082539 33937
4827954409 87547
1268546441 55147
1837318619 23003
4447408513 79873
1427827883 55681
235428383 25643
177202481 9181
228272927 19301
42068639 11827
12652249 3557
88722251 3557
229001683 24943
716274077 9181
3727574243 78017
4720995211 47779
2831964749 98809
263136641 28661
570130919 9181
220886143 62099
12652249 3557
263079277 3557
2927450341 73961
2125460119 39581
57733021 74752841 [74752841, 2435071, 85192469, 85192469, 18524923, 316701271, 36391837, 75711887, 595887319, 117252913, 864841067, 3486213217, 1401820177, 3217126391, 8923258369, 6187043111, 84425633, 14827367, 1086607889, 8086694041, 110347423, 81778027, 81778027, 1880651, 66575629, 1592385007, 3296475311, 600879143, 455746567, 369196991, 124542857, 1492604933, 1470989983]
44789
74752841 44789
2435071 1669
85192469 1459
85192469 58391
18524923 1459
316701271 12697
36391837 24943
75711887 1459
595887319 51893
117252913 11483
864841067 10211
3486213217 84697
1401820177 41161
3217126391 34057
8923258369 94463
6187043111 94463
84425633 65497
14827367 1289
1086607889 11503
8086694041 94463
110347423 85607
81778027 1289
81778027 63443
1880651 1289
66575629 1459
1592385007 45631
3296475311 34897
600879143 94463
455746567 6361
369196991 71647
124542857 5153
1492604933 24169
1470989983 61757
82086281 201233783 [201233783, 385624913, 61416503, 32049473, 147420517, 2363815771, 101906383, 227905963, 2943792889, 469656149, 547598041, 1790561687, 4263495883, 436736893, 262985147, 2166102667, 192230321, 220240459, 3013843201, 4893850943, 6692262881, 8172702409, 227905963, 210269047, 2089929199, 121050367, 147186077, 2095246057, 3913688839, 4254459931, 892547701, 302092517, 129526057]
2521
201233783 2521
385624913 79823
61416503 4831
32049473 12713
147420517 2521
2363815771 58477
101906383 40423
227905963 2521
2943792889 90403
469656149 32563
547598041 14423
1790561687 37967
4263495883 47161
436736893 90403
262985147 4831
2166102667 54437
192230321 39791
220240459 4831
3013843201 45589
4893850943 66109
6692262881 74027
8172702409 90403
227905963 90403
210269047 2521
2089929199 83407
121050367 25057
147186077 4831
2095246057 30467
3913688839 68771
4254459931 56909
892547701 74759
302092517 11939
129526057 25303
20042761 902257 [902257, 22900457, 2698847933, 3116184499, 2005698263, 51878537, 4531133, 533999777, 4284765869, 47963633, 21011569, 1331779109, 1339662323, 848169313, 703254203, 1282999999, 1931409013, 26381471, 902257, 53057839, 6252933691, 4457665231, 3907266173, 543926443, 620546921, 7899083761, 67025869, 902257, 55707551, 387501929, 558254429, 513676463, 242261219]
1091
902257 1091
22900457 827
2698847933 27691
3116184499 97463
2005698263 31973
51878537 62731
4531133 827
533999777 5479
4284765869 97463
47963633 43963
21011569 1091
1331779109 19259
1339662323 69151
848169313 19373
703254203 43781
1282999999 16063
1931409013 79873
26381471 24181
902257 1091
53057839 827
6252933691 64157
4457665231 97463
3907266173 45737
543926443 85429
620546921 6367
7899083761 97463
67025869 81047
902257 827
55707551 1091
387501929 51061
558254429 7589
513676463 73561
242261219 6983
4207007359 5900750837 [5900750837, 180128287, 104365169, 4199743319, 134909911, 20816639, 129254161, 540402677, 811721041, 373149527, 391329559, 431553173, 2370590569, 1118448113, 464798827, 3918921731, 8378572799, 2912139019, 1239025913, 68093059, 155904157, 8376506419, 2588987509, 946806709, 1671383489, 4377596653, 1668512903, 201310883, 763507933, 122964467, 61325683, 3294940861, 6612803563]
59981
5900750837 59981
180128287 98377
104365169 1831
4199743319 56999
134909911 73681
20816639 1831
129254161 11369
540402677 11369
811721041 47533
373149527 17077
391329559 21851
431553173 17909
2370590569 24097
1118448113 98377
464798827 11369
3918921731 40883
8378572799 95857
2912139019 87407
1239025913 33317
68093059 37189
155904157 1831
8376506419 85147
2588987509 98377
946806709 26317
1671383489 35977
4377596653 46457
1668512903 94229
201310883 17707
763507933 11369
122964467 67157
61325683 1831
3294940861 33493
6612803563 98377
785329481 1045337831 [1045337831, 7458689551, 8647698049, 7982798099, 2723197489, 1255057049, 443619919, 536396281, 2094734393, 266718799, 304166267, 1805771857, 2554376879, 5395336181, 7102712347, 7246851497, 6194809997, 4138962031, 1668799417, 559963021, 1624680703, 5548799317, 3993228487, 750407599, 68298383, 68298383, 335795711, 433063567, 1318250299, 3411443257, 419624099, 68298383, 37100281]
13033
1045337831 13033
7458689551 80207
8647698049 92993
7982798099 92993
2723197489 85843
1255057049 31723
443619919 39563
536396281 11213
2094734393 47837
266718799 43789
304166267 6091
1805771857 49937
2554376879 36161
5395336181 70639
7102712347 76379
7246851497 92993
6194809997 77929
4138962031 79493
1668799417 52067
559963021 32051
1624680703 17471
5548799317 92993
3993228487 59669
750407599 66923
68298383 11213
68298383 6091
335795711 11213
433063567 29947
1318250299 14461
3411443257 91159
419624099 37423
68298383 11213
37100281 6091
1293909503 2090821627 [2090821627, 653590741, 112439693, 1135889351, 883634489, 905742251, 9049907161, 2330614369, 2330614369, 6287112659, 607159643, 380736841, 3942514033, 4610333653, 445229581, 295297741, 2239627811, 5187382973, 1935897347, 238889561, 87469427, 811750939, 2839209959, 1883804269, 801752437, 1308635609, 879102493, 460254661, 2711978441, 2697279979, 1461168889, 289352711, 304319723]
29389
2090821627 29389
653590741 71143
112439693 9187
1135889351 12239
883634489 92809
905742251 9521
9049907161 95131
2330614369 95131
2330614369 24499
6287112659 95131
607159643 66089
380736841 9187
3942514033 41443
4610333653 95131
445229581 48463
295297741 9187
2239627811 32143
5187382973 69677
1935897347 74449
238889561 26003
87469427 9187
811750939 9521
2839209959 85259
1883804269 33301
801752437 56569
1308635609 14173
879102493 92333
460254661 9521
2711978441 48341
2697279979 56101
1461168889 48079
289352711 30391
304319723 9521
175031503 41478737 [41478737, 587616529, 5448570539, 3943934233, 1594863707, 155527793, 556249621, 571659653, 41478737, 41478737, 504123677, 2780208491, 3240666007, 5406990077, 5024780203, 7527593639, 3455408393, 2267221829, 1118877191, 1435671031, 661574063, 57004699, 587616529, 3735671507, 313336343, 345419593, 290694221, 192121073, 2311107943, 3549160543, 2767001221, 756023309, 395224283]
6353
41478737 6353
587616529 6529
5448570539 90001
3943934233 60539
1594863707 65147
155527793 24481
556249621 6353
571659653 87557
41478737 6529
41478737 6353
504123677 6529
2780208491 77213
3240666007 36007
5406990077 90001
5024780203 60077
7527593639 83639
3455408393 90001
2267221829 38393
1118877191 59053
1435671031 18947
661574063 75773
57004699 8731
587616529 6529
3735671507 90001
313336343 41507
345419593 7549
290694221 45757
192121073 6353
2311107943 30241
3549160543 76423
2767001221 46441
756023309 59581
395224283 12689
2910630781 2572158091 [2572158091, 1480264343, 58167073, 86352457, 437254061, 46151453, 81715273, 1918427759, 6161975503, 352711523, 202083227, 3456036613, 5861545223, 702121591, 329772169, 2816455099, 6171017159, 1243488517, 58027271, 256593079, 1942125629, 897289247, 88218199, 12248083, 16459249, 117381181, 524642089, 1148018363, 2559853663, 122067227, 262468841, 6946513039, 3134755933]
33479
2572158091 33479
1480264343 76829
58167073 19267
86352457 3019
437254061 28603
46151453 15287
81715273 3019
1918427759 27067
6161975503 70877
352711523 86939
202083227 4057
3456036613 49811
5861545223 69383
702121591 84481
329772169 8311
2816455099 39679
6171017159 70981
1243488517 86939
58027271 14303
256593079 4057
1942125629 63247
897289247 30707
88218199 29221
12248083 3019
16459249 4057
117381181 4057
524642089 28933
1148018363 18133
2559853663 63311
122067227 40433
262468841 3019
6946513039 86939
3134755933 79901
6828717317 7726767611 [7726767611, 6836695381, 386976943, 464280913, 3030720059, 3108036521, 7353067097, 94096049, 15401461, 15401461, 15561577, 621398273, 58754081, 113392453, 8860970509, 4094979589, 216998623, 25230529, 6092899, 50893841, 3305330503, 4196320993, 4788543499, 451552631, 296402207, 1563089401, 1478271623, 1604507057, 1272202999, 933698149, 359708747, 1615868083, 8984954521]
87071
7726767611 87071
6836695381 88741
386976943 77041
464280913 5023
3030720059 92431
3108036521 32789
7353067097 94789
94096049 77573
15401461 1213
15401461 12697
15561577 1213
621398273 12829
58754081 48437
113392453 1213
8860970509 93481
4094979589 94789
216998623 43201
25230529 5023
6092899 5023
50893841 1213
3305330503 41957
4196320993 78779
4788543499 53267
451552631 89897
296402207 5023
1563089401 59009
1478271623 26489
1604507057 55807
1272202999 28751
933698149 44249
359708747 21101
1615868083 17047
8984954521 94789
3001828933 124876553 [124876553, 10207061, 625859893, 335363183, 250242841, 5637445949, 7298373167, 323970403, 18344089, 304474187, 998871539, 327683371, 99883843, 297115993, 2730373189, 2045605307, 2867402383, 875949967, 1552595953, 7896168383, 5372986127, 5898926191, 4968090691, 5222965159, 119015123, 1630729, 31972249, 31972249, 124876553, 1166916137, 336522533, 2757747589, 2582314123]
97789
124876553 97789
10207061 1277
625859893 7993
335363183 78301
250242841 4283
5637445949 58427
7298373167 96487
323970403 75641
18344089 4283
304474187 4283
998871539 71089
327683371 14051
99883843 23321
297115993 4283
2730373189 69371
2045605307 39359
2867402383 51973
875949967 55171
1552595953 15877
7896168383 97789
5372986127 80747
5898926191 66541
4968090691 88651
5222965159 56041
119015123 93199
1630729 1277
31972249 1277
31972249 25037
124876553 1277
1166916137 97789
336522533 11933
2757747589 28201
2582314123 97789
1350229109 3085026359 [3085026359, 1979848769, 1826567317, 2136272123, 4981848577, 2861148133, 2935153849, 5572969277, 3012717139, 10269113, 6441767, 222173579, 251485687, 2685371671, 6917677267, 7182850049, 6258318461, 5162549507, 321241051, 389425573, 21842927, 9287779, 3551623373, 304247297, 304247297, 304247297, 11082241, 11082241, 795631, 5261107, 5261107, 7746229, 2490104719]
85669
3085026359 85669
1979848769 36011
1826567317 54979
2136272123 33223
4981848577 64301
2861148133 77477
2935153849 36929
5572969277 79481
3012717139 70117
10269113 42967
6441767 239
222173579 26953
251485687 8243
2685371671 30509
6917677267 88019
7182850049 78593
6258318461 91393
5162549507 68477
321241051 75391
389425573 4261
21842927 91393
9287779 239
3551623373 38861
304247297 91393
304247297 3329
304247297 91393
11082241 3329
11082241 3329
795631 3329
5261107 239
5261107 22013
7746229 239
2490104719 32411
134576203 3610090223 [3610090223, 773830723, 1316845669, 192405107, 192405107, 3065829647, 1056531761, 2213733271, 1368186823, 511181249, 52575277, 187753009, 1299272771, 1331465833, 192405107, 107944687, 487985699, 736066829, 4299896053, 3099748541, 5029909021, 1163847733, 122778349, 869806039, 6805592623, 673958377, 836116009, 5555518363, 1394845873, 209926939, 372659993, 950702581, 2131190447]
65551
3610090223 65551
773830723 55073
1316845669 14051
192405107 93719
192405107 2053
3065829647 93719
1056531761 32713
2213733271 32297
1368186823 68543
511181249 19961
52575277 25609
187753009 2053
1299272771 91453
1331465833 14207
192405107 93719
107944687 2053
487985699 52579
736066829 9281
4299896053 79309
3099748541 54217
5029909021 57173
1163847733 87977
122778349 13229
869806039 9281
6805592623 93719
673958377 72617
836116009 9281
5555518363 90089
1394845873 61667
209926939 22619
372659993 9281
950702581 40153
2131190447 23677
4936980589 612574189 [612574189, 523792483, 1787673487, 4120249669, 5775214811, 5775214811, 9729652321, 4768307899, 203563951, 17732521, 17732521, 69106721, 946865467, 1749546131, 1903101803, 3470118451, 4437821533, 7786072841, 8501984501, 7892515079, 4479146167, 315196043, 40157569, 54098969, 622202171, 7187794343, 5311431197, 1595729053, 187758973, 26685107, 155289047, 233689549, 435624391]
50051
612574189 50051
523792483 12239
1787673487 42797
4120249669 41771
5775214811 98639
5775214811 58549
9729652321 98639
4768307899 98639
203563951 48341
17732521 4211
17732521 4211
69106721 4211
946865467 16411
1749546131 57697
1903101803 30323
3470118451 62761
4437821533 55291
7786072841 80263
8501984501 97007
7892515079 87643
4479146167 90053
315196043 49739
40157569 6337
54098969 6337
622202171 8537
7187794343 72883
5311431197 98621
1595729053 53857
187758973 29629
26685107 6337
155289047 4211
233689549 36877
435624391 6337
